3
6
6
8
16
23
23
23
23
23
23
24
24
26
36
42
64
64
64
64
65
65
65
65
65
65
65
65
70
81
85
86
89
105
112
113
113
113
122
122
125
125
131
131
131
131
131
132
146
166
167
167
167
167
167
186
186
191
195
205
205
205
207
210
216
216
216
216
216
216
232
239
245
246
254
260
261
265
268
268
268
269
284
284
284
284
284
289
291
303
303
308
308
315
320
332
332
340
340
340
340
340
340
346
350
356
356
360
365
368
368
368
368
371
371
371
371
371
373
376
386
390
397
397
403
410
431
431
431
431
431
456
466
471
471
471
471
496
518
518
521
530
530
530
531
541
550
552
574
575
599
599
599
599
617
618
618
618
618
619
619
619
619
619
619
619
620
621
625
630
631
637
638
638
638
638
639
639
639
639
639
640
641
642
643
655
659
660
660
663
671
677
677
677
677
677
677
677
677
677
677
677
677
677
677
677
677
678
678
678
678
678
678
678
678
678
678
678
678
678
685
696
696
698
709
713
715
719
725
733
733
750
759
763
770
779
784
784
799
804
812
816
821
821
821
821
821
821
822
822
822
826
826
826
826
836
839
844
844
846
848
849
851
856
863
863
869
869
869
869
875
879
881
881
881
881
883
886
892
892
892
892
896
896
896
898
899
903
905
905
905
906
906
906
906
910
910
911
912
912
912
915
918
921
921
921
921
921
921
923
932
936
936
936
936
936
936
936
936
936
936
936
936
937
937
942
945
952
952
952
955
963
967
967
967
970
974
977
982
982
990
994
1033
1033
1033
1055
1061
1061
1061
1067
1070
1073
1073
1073
1074
1074
1074
1084
1090
1090
1090
1090
1095
1103
1113
1117
1125
1134
1135
1141
1145
1147
1147
1155
1157
1157
1157
1157
1157
1158
1158
1161
1161
1161
1165
1169
1175
1181
1182
1182
1182
1182
1182
1182
1182
1182
1188
1193
1197
1216
1216
1216
1216
1216
1216
1216
1216
1216
1216
1216
1216
1216
1217
1217
1217
1217
1217
1217
1217
1217
1217
1225
1225
1225
1226
1226
1226
1231
1231
1235
1240
1240
1247
1248
1252
1252
1252
1252
1252
1254
1255
1258
1262
1267
1271
1271
1271
1271
1271
1271
1274
1275
1283
1284
1284
1286
1295
1303
1303
1306
1306
1308
1308
1308
1308
1314
1315
1316
1318
1322
1333
1333
1333
1334
1335
1340
1342
1355
1361
1365
1370
1385
1385
1386
1395
1406
1413
1418
1430
1434
1434
1434
1434
1434
1434
1436
1440
1446
1455
1455
1462
1469
1477
1477
1480
1489
1491
1500
1500
1500
1500
1500
1524
1530
1530
1530
1535
1539
1539
1539
1566
1583
1584
1584
1584
1584
1584
1584
1589
1589
1589
1589
1589
1589
1598
1611
1616
1625
1625
1625
1625
1630
1636
1640
1657
1659
1663
1663
1667
1667
1667
1673
1673
1673
1673
1673
1673
1673
1673
1682
1686
1696
1703
1703
1711
1711
1711
1711
1720
1726
1735
1735
1735
1744
1746
1750
1752
1757
1765
1767
1774
1777
1778
1778
1780
1785
1786
1787
1787
1787
1789
1791
1793
1801
1802
1811
1812
1818
1824
1825
1831
1833
1838
1838
1845
1846
1855
1856
1857
1863
1866
1867
1867
1874
1878
1879
1882
1883
1894
1894
1901
1904
1911
1918
1918
1918
1918
1923
1926
1938
1952
1952
1961
1964
1966
1975
1976
1976
1976
1989
1990
1991
1991
1991
1991
1991
1997
2000
2003
2020
2020
2026
2033
2036
2043
2043
2051
2051
2063
2063
2065
2065
2065
2071
2071
2071
2071
2071
2072
2073
2082
2083
2093
2094
2098
2105
2105
2118
2118
2121
2126
2135
2135
2139
2139
2139
2139
2139
2145
2147
2147
2150
2154
2155
2155
2159
2164
2171
2178
2183
2183
2193
2203
2205
2208
2208
2208
2212
2217
2221
2225
2230
2235
2240
2242
2243
2243
2245
2245
2249
2251
2255
2256
2262
2271
2271
2274
2275
2280
2280
2285
2293
2296
2296
2298
2300
2307
2311
2315
2319
2323
2325
2325
2332
2335
2340
2340
2349
2353
2353
2358
2362
2369
2375
2385
2390
2395
2395
2396
2405
2415
2421
2421
2421
2421
2421
2423
2424
2431
2438
2448
2448
2448
2448
2448
2448
2456
2456
2462
2462
2463
2475
2483
2490
2490
2503
2511
2512
2516
2517
2517
2517
2522
2523
2524
2531
2545
2550
2550
2551
2558
2558
2558
2570
2570
2583
2593
2594
2594
2595
2595
2603
2616
2616
2616
2616
2616
2617
2625
2633
2635
2641
2645
2653
2653
2658
2658
2658
2659
2659
2659
2659
2659
2661
2668
2668
2671
2677
2683
2688
2692
2703
2704
2710
2722
2725
2739
2740
2740
2740
2744
2747
2749
2754
2755
2763
2763
2768
2771
2771
2771
2771
2771
2778
2785
2785
2786
2786
2795
2795
2802
2805
2818
2818
2818
2825
2833
2843
2846
2848
2848
2848
2848
2855
2857
2859
2860
2860
2866
2866
2869
2877
2883
2883
2888
2888
2893
2893
2906
2911
2914
2923
2925
2931
2931
2931
2934
2939
2939
2942
2942
2942
2942
2942
2945
2946
2950
2954
2959
2962
2970
2970
2972
2975
2977
2983
2989
2990
2990
2996
2996
2996
2996
2998
3007
3015
3015
3017
3019
3021
3021
3024
3025
3029
3031
3035
3035
3039
3046
3048
3053
3055
3056
3058
3062
3063
3073
3083
3086
3086
3087
3090
3091
3096
3098
3098
3105
3105
3108
3108
3109
3119
3120
3121
3121
3126
3136
3139
3139
3139
3139
3146
3147
3150
3160
3170
3170
3179
3180
3184
3184
3184
3184
3184
3184
3185
3189
3194
3204
3206
3212
3212
3216
3217
3217
3220
3220
3220
3220
3222
3224
3234
3236
3242
3245
3245
3254
3263
3263
3263
3271
3271
3271
3272
3282
3283
3294
3297
3297
3297
3297
3297
3299
3299
3300
3307
3310
3315
3317
3329
3330
3348
3352
3352
3361
3364
3364
3364
3364
3364
3364
3366
3368
3368
3368
3368
3370
3373
3375
3380
3386
3391
3394
3395
3395
3395
3402
3407
3407
3410
3417
3423
3424
3424
3431
3437
3443
3444
3446
3447
3447
3447
3463
3463
3469
3469
3470
3470
3471
3471
3475
3483
3488
3494
3499
3502
3504
3507
3513
3513
3516
3522
3524
3524
3524
3524
3527
3535
3535
3536
3539
3548
3548
3548
3548
3550
3555
3558
3568
3569
3571
3571
3576
3576
3592
3594
3594
3594
3594
3597
3598
3600
3600
3603
3615
3616
3617
3619
3619
3622
3630
3631
3635
3636
3641
3645
3655
3656
3659
3663
3665
3666
3669
3672
3677
3679
3683
3684
3689
3690
3696
3696
3697
3697
3706
3715
3715
3722
3722
3735
3737
3737
3737
3737
3740
3740
3748
3748
3748
3752
3757
3759
3759
3760
3760
3760
3760
3760
3760
3765
3770
3775
3777
3780
3797
3797
3812
3812
3813
3813
3813
3817
3824
3829
3829
3829
3829
3831
3832
3832
3835
3839
3848
3852
3852
3852
3859
3859
3865
3867
3867
3869
3874
3880
3880
3884
3886
3886
3886
3886
3890
3890
3892
3900
3900
3903
3905
3915
3921
3927
3929
3929
3954
3954
3966
3966
3967
3968
3968
3968
3968
3968
3968
3975
3976
3976
3976
3976
3995
4003
4005
4009
4009
4009
4009
4009
4010
4010
4020
4028
4041
4041
4041
4041
4044
4044
4044
4059
4059
4059
4059
4064
4064
4064
4064
4064
4073
4073
4075
4079
4080
4080
4080
4084
4085
4085
4085
4085
4089
4095
4102
4103
4104
4106
4115
4125
4139
4140
4144
4145
4145
4145
4145
4145
4145
4150
4155
4169
4169
4169
4169
4169
4177
4178
4178
4186
4187
4194
4194
4196
4207
4214
4215
4220
4224
4227
4231
4240
4244
4244
4245
4245
4245
4246
4246
4246
4247
4247
4247
4247
4247
4255
4255
4259
4260
4261
4270
4270
4270
4272
4285
4291
4291
4291
4291
4298
4299
4306
4306
4307
4311
4311
4311
4311
4311
4314
4320
4323
4327
4334
4345
4349
4366
4372
4373
4373
4373
4373
4373
4373
4373
4376
4377
4381
4386
4387
4390
4393
4405
4414
4414
4414
4414
4415
4425
4425
4427
4427
4432
4434
4435
4435
4436
4436
4436
4436
4437
4445
4449
4449
4453
4455
4455
4459
4469
4469
4483
4483
4492
4492
4492
4492
4495
4496
4497
4497
4497
4498
4498
4500
4502
4506
4508
4513
4523
4532
4535
4537
4543
4543
4543
4543
4545
4554
4565
4568
4568
4568
4568
4573
4578
4580
4582
4584
4596
4602
4603
4603
4603
4605
4605
4605
4605
4605
4605
4605
4606
4615
4615
4615
4615
4615
4620
4625
4627
4630
4631
4631
4635
4649
4655
4655
4661
4664
4673
4675
4678
4685
4687
4687
4688
4692
4692
4692
4697
4705
4705
4706
4706
4706
4706
4706
4706
4710
4711
4716
4716
4725
4728
4728
4732
4736
4740
4740
4744
4744
4744
4744
4744
4745
4745
4745
4752
4755
4760
4770
4770
4772
4772
4773
4773
4773
4773
4775
4779
4779
4779
4779
4786
4795
4796
4796
4803
4804
4805
4805
4805
4805
4806
4816
4819
4819
4832
4834
4836
4843
4843
4845
4846
4846
4850
4850
4856
4857
4865
4865
4866
4866
4867
4870
4874
4876
4882
4883
4887
4888
4888
4893
4904
4904
4904
4906
4922
4926
4926
4926
4926
4929
4930
4931
4931
4935
4936
4936
4938
4938
4938
4938
4938
4939
4939
4939
4939
4940
4944
4948
4952
4956
4961
4968
4972
4977
4980
4980
4980
4986
4986
4991
4996
5000
5025
5044
5061
5117
5193
5194
5208
5218
5232
5311
5326
5351
5391
5398
5423
5458
5466
5493
5517
5534
5590
5672
5707
5726
5751
5780
5798
5840
5845
5894
5894
5894
5920
5968
5989
6040
6052
6071
6127
6127
6179
6218
6232
6265
6288
6288
6298
6338
6363
6371
6391
6411
6426
6444
6544
6564
6578
6605
6626
6638
6653
6669
6694
6717
6774
6774
6785
6799
6813
7372
7372
7372
7394
7429
7429
7450
7529
7546
7562
7575
7622
7648
7648
7649
7649
7702
7754
7767
7794
7876
7876
7898
7907
7928
7940
7988
8007
8027
8066
8074
8097
8113
8121
8145
8167
8234
8255
8274
8288
8302
8327
8354
8421
8462
8462
8475
8507
8553
8567
8583
8610
8610
8630
8648
8682
8682
8702
8714
8727
8747
8761
8781
8848
8894
8913
8935
8967
9008
9036
9163
9163
9182
9195
9225
9248
9255
9271
9313
9313
9334
9350
9354
9396
9396
9428
9447
9454
9461
9486
9486
9500
9514
9534
9541
9575
9581
9634
9648
9660
9682
9695
9702
9723
9747
9762
9780
9787
9828
9882
9896
9901
9947
9975
10001
10001
10006
10016
10016
10016
10017
10018
10018
10018
10018
10018
10018
10018
10020
10020
10022
10026
10027
10027
10027
10027
10033
10041
10047
10047
10048
10048
10048
10057
10057
10057
10057
10057
10057
10062
10064
10067
10068
10068
10068
10071
10071
10075
10076
10078
10086
10090
10093
10100
10100
10100
10100
10100
10106
10106
10106
10110
10113
10115
10116
10118
10125
10125
10127
10134
10134
10136
10139
10139
10139
10139
10147
10150
10150
10150
10150
10161
10165
10167
10168
10171
10171
10171
10174
10181
10192
10192
10196
10196
10196
10196
10196
10201
10202
10202
10202
10208
10209
10224
10225
10227
10227
10232
10232
10232
10232
10236
10236
10236
10238
10238
10238
10238
10256
10256
10258
10258
10266
10266
10266
10266
10266
10266
10266
10278
10285
10285
10285
10285
10289
10289
10289
10289
10293
10298
10299
10299
10299
10307
10307
10307
10307
10307
10307
10314
10314
10314
10315
10317
10327
10327
10329
10329
10329
10329
10336
10337
10337
10337
10337
10337
10337
10338
10338
10338
10340
10340
10340
10340
10340
10340
10344
10350
10350
10350
10350
10350
10350
10357
10357
10357
10357
10364
10364
10364
10364
10380
10380
10380
10380
10382
10383
10383
10386
10387
10395
10395
10395
10395
10395
10395
10395
10398
10398
10399
10402
10417
10417
10417
10422
10422
10425
10430
10430
10430
10430
10430
10430
10434
10434
10434
10434
10434
10434
10436
10440
10440
10440
10440
10441
10441
10441
10445
10446
10447
10447
10448
10453
10453
10453
10457
10462
10463
10463
10463
10467
10467
10473
10473
10473
10473
10474
10478
10481
10483
10483
10485
10485
10489
10489
10489
10489
10493
10496
10498
10500
10500
10502
10507
10507
10507
10507
10507
10510
10510
10515
10517
10517
10517
10517
10522
10522
10522
10527
10527
10528
10528
10542
10546
10546
10546
10547
10547
10547
10547
10547
10547
10547
10548
10550
10551
10553
10558
10558
10558
10558
10562
10567
10567
10567
10569
10569
10569
10581
10582
10587
10588
10590
10590
10591
10591
10596
10596
10596
10596
10596
10596
10596
10605
10608
10610
10610
10610
10610
10610
10617
10617
10619
10619
10620
10620
10620
10620
10620
10620
10620
10620
10627
10627
10630
10633
10633
10633
10633
10634
10636
10636
10642
10643
10643
10643
10643
10643
10643
10643
10644
10644
10650
10650
10653
10654
10656
10657
10659
10659
10659
10659
10666
10667
10667
10667
10667
10667
10667
10667
10667
10667
10667
10675
10676
10677
10677
10682
10682
10682
10687
10687
10687
10688
10688
10688
10688
10688
10688
10688
10689
10689
10689
10694
10696
10696
10696
10696
10697
10697
10698
10698
10699
10699
10699
10699
10704
10705
10705
10705
10707
10707
10707
10707
10708
10708
10708
10708
10708
10708
10714
10714
10717
10717
10717
10717
10717
10717
10717
10717
10717
10717
10717
10717
10717
10717
10718
10718
10718
10718
10718
10718
10722
10726
10730
10730
10731
10733
10733
10733
10733
10738
10744
10744
10744
10744
10744
10748
10748
10749
10754
10754
10758
10762
10763
10763
10763
10768
10768
10768
10770
10777
10777
10777
10777
10777
10777
10785
10790
10797
10798
10799
10806
10809
10810
10810
10810
10810
10810
10810
10810
10810
10810
10810
10810
10810
10810
10819
10819
10819
10825
10826
10826
10826
10828
10828
10828
10828
10828
10828
10828
10828
10828
10829
10830
10830
10833
10838
10838
10842
10843
10843
10844
10845
10845
10845
10845
10845
10848
10849
10849
10849
10852
10852
10852
10852
10865
10865
10865
10865
10865
10865
10866
10866
10866
10866
10866
10871
10871
10873
10873
10873
10873
10874
10874
10878
10878
10878
10879
10879
10879
10882
10885
10892
10892
10894
10894
10898
10898
10899
10900
10900
10900
10901
10902
10911
10912
10912
10918
10919
10919
10919
10922
10922
10926
10926
10926
10926
10926
10928
10928
10928
10928
10928
10931
10935
10941
10946
10946
10948
10948
10948
10950
10956
10956
10960
10960
10960
10960
10961
10961
10961
10961
10963
10965
10968
10970
10970
10970
10975
10978
10978
10979
10979
10979
10980
10984
10985
10988
10989
10989
10989
10989
10993
10995
10995
10995
10995
10998
11001
11002
11002
11005
11008
11010
11010
11019
11019
11019
11020
11020
11020
11021
11021
11021
11023
11023
11025
11027
11028
11028
11028
11028
11031
11035
11036
11036
11037
11038
11039
11039
11039
11039
11042
11042
11045
11045
11045
11045
11049
11050
11050
11050
11051
11055
11058
11060
11063
11066
11067
11067
11067
11067
11067
11067
11067
11067
11067
11067
11067
11067
11067
11067
11067
11067
11067
11067
11067
11067
11067
11067
11067
11067
11068
11068
11068
11069
11070
11071
11072
11074
11077
11077
11077
11080
11081
11082
11082
11082
11082
11083
11083
11083
11086
11086
11087
11087
11088
11088
11090
11090
11090
11090
11090
11091
11093
11093
11094
11094
11095
11096
11097
11098
11098
11098
11102
11102
11102
11106
11108
11108
11108
11110
11110
11110
11111
11112
11112
11116
11118
11118
11118
11119
11119
11122
11125
11125
11125
11126
11126
11128
11130
11132
11132
11132
11133
11136
11136
11137
11138
11142
11144
11147
11148
11148
11150
11153
11156
11156
11156
11156
11156
11159
11161
11165
11165
11166
11166
11167
11172
11172
11174
11174
11177
11177
11177
11182
11182
11182
11184
11186
11186
11187
11188
11188
11192
11196
11199
11202
11206
11206
11206
11206
11209
11209
11209
11217
11217
11217
11218
11218
11218
11222
11223
11223
11226
11227
11239
11244
11244
11244
11244
11244
11244
11245
11245
11246
11246
11249
11251
11253
11256
11256
11256
11256
11256
11260
11260
11260
11266
11266
11266
11266
11269
11272
11272
11272
11274
11276
11276
11277
11282
11282
11282
11282
11288
11288
11288
11289
11290
11290
11304
11304
11304
11306
11306
11306
11308
11308
11308
11308
11308
11308
11308
11309
11312
11314
11317
11317
11317
11317
11328
11328
11331
11334
11334
11336
11336
11336
11343
11343
11343
11343
11353
11356
11357
11363
11363
11363
11367
11368
11368
11368
11372
11372
11386
11386
11394
11394
11394
11394
11397
11398
11398
11403
11413
11416
11416
11423
11423
11423
11423
11423
11432
11432
11432
11434
11437
11442
11448
11448
11456
11456
11456
11457
11457
11457
11457
11462
11462
11462
11462
11465
11466
11467
11467
11467
11469
11478
11478
11478
11482
11482
11484
11484
11484
11484
11488
11488
11488
11494
11494
11494
11494
11497
11502
11512
11516
11526
11526
11527
11527
11527
11528
11528
11528
11528
11533
11533
11538
11544
11545
11545
11545
11545
11545
11546
11546
11547
11548
11556
11557
11557
11557
11557
11558
11562
11567
11567
11572
11572
11572
11579
11579
11579
11582
11582
11582
11582
11582
11582
11582
11582
11582
11582
11582
11582
11582
11582
11582
11582
11582
11586
11588
11588
11588
11589
11590
11590
11597
11598
11602
11606
11607
11607
11607
11616
11619
11619
11621
11622
11624
11624
11624
11626
11627
11627
11627
11628
11628
11628
11633
11634
11634
11636
11636
11636
11636
11636
11636
11636
11636
11636
11636
11636
11638
11638
11638
11638
11648
11648
11651
11651
11656
11656
11656
11657
11658
11661
11661
11666
11666
11669
11669
11671
11671
11673
11674
11674
11677
11677
11678
11678
11681
11685
11688
11689
11689
11689
11696
11702
11705
11706
11706
11706
11706
11706
11708
11708
11708
11708
11708
11708
11711
11711
11713
11714
11717
11717
11717
11727
11729
11729
11733
11733
11733
11734
11736
11738
11738
11739
11739
11739
11742
11745
11750
11750
11752
11752
11754
11756
11756
11756
11756
11759
11759
11762
11762
11762
11763
11763
11763
11766
11770
11770
11770
11771
11774
11774
11777
11777
11782
11783
11783
11785
11785
11786
11788
11788
11795
11795
11795
11795
11795
11796
11796
11796
11798
11798
11802
11802
11805
11808
11808
11809
11816
11816
11816
11816
11816
11816
11822
11825
11826
11826
11827
11832
11832
11838
11838
11839
11839
11845
11845
11845
11845
11845
11846
11846
11849
11850
11854
11855
11855
11855
11857
11857
11859
11874
11877
11877
11877
11877
11877
11877
11877
11878
11878
11878
11878
11878
11878
11878
11881
11881
11881
11881
11883
11883
11883
11883
11883
11883
11896
11907
11910
11914
11914
11915
11915
11915
11915
11915
11915
11915
11915
11915
11915
11917
11917
11917
11917
11917
11919
11919
11919
11919
11919
11928
11928
11928
11937
11937
11937
11937
11937
11937
11937
11937
11940
11940
11940
11940
11940
11942
11947
11950
11952
11953
11953
11958
11958
11967
11967
11967
11967
11971
11971
11971
11972
11972
11972
11972
11974
11977
11977
11977
11977
11978
11982
11983
11986
11986
11986
11986
11988
11988
11990
11990
11993
11994
11994
11997
11997
11998
11998
12003
12003
12008
12008
12012
12012
12014
12014
12016
12016
12016
12016
12016
12016
12022
12022
12025
12026
12027
12033
12034
12038
12038
12038
12038
12041
12042
12044
12044
12045
12046
12048
12048
12049
12050
12050
12054
12054
12055
12056
12058
12058
12058
12063
12063
12063
12063
12065
12065
12065
12066
12067
12067
12069
12069
12069
12069
12076
12076
12086
12087
12087
12087
12087
12087
12090
12090
12093
12102
12102
12102
12102
12102
12102
12102
12102
12102
12102
12102
12102
12103
12105
12110
12111
12111
12111
12111
12111
12111
12111
12116
12117
12117
12117
12117
12121
12121
12122
12122
12122
12123
12123
12126
12131
12135
12135
12136
12137
12137
12137
12137
12138
12138
12148
12153
12154
12154
12154
12157
12162
12164
12166
12166
12167
12168
12168
12169
12169
12175
12175
12175
12176
12177
12178
12182
12184
12184
12185
12185
12185
12193
12193
12193
12199
12199
12199
12200
12200
12200
12202
12202
12205
12210
12214
12214
12214
12218
12218
12218
12218
12218
12218
12218
12218
12222
12222
12223
12236
12236
12237
12237
12237
12239
12240
12244
12244
12244
12244
12246
12247
12253
12253
12258
12262
12263
12263
12264
12264
12264
12264
12265
12277
12277
12277
12280
12280
12280
12280
12280
12293
12293
12294
12294
12297
12297
12297
12298
12299
12301
12301
12306
12306
12306
12310
12310
12310
12310
12311
12311
12311
12311
12311
12311
12311
12320
12322
12322
12322
12322
12322
12322
12322
12322
12322
12322
12322
12322
12322
12322
12323
12323
12323
12323
12323
12324
12327
12327
12327
12327
12327
12327
12327
12330
12330
12330
12330
12330
12330
12330
12332
12335
12335
12335
12339
12339
12339
12341
12341
12341
12345
12345
12345
12346
12346
12347
12357
12359
12359
12359
12359
12364
12364
12364
12365
12366
12373
12373
12373
12374
12375
12375
12376
12377
12381
12381
12381
12381
12381
12381
12381
12381
12382
12386
12388
12389
12395
12396
12396
12396
12398
12398
12403
12405
12405
12405
12406
12406
12406
12406
12406
12406
12406
12407
12409
12418
12420
12420
12424
12424
12427
12433
12438
12438
12439
12439
12440
12440
12441
12444
12447
12447
12447
12455
12455
12455
12455
12455
12455
12455
12455
12457
12459
12459
12460
12460
12460
12461
12461
12461
12466
12466
12467
12467
12467
12468
12468
12469
12469
12473
12475
12475
12476
12478
12483
12483
12483
12483
12483
12483
12487
12490
12490
12490
12490
12490
12490
12497
12498
12498
12504
12505
12506
12506
12506
12506
12506
12509
12515
12516
12516
12516
12516
12516
12516
12516
12516
12516
12516
12525
12529
12529
12529
12529
12531
12534
12534
12537
12538
12538
12538
12538
12538
12538
12538
12538
12538
12541
12543
12543
12544
12544
12545
12548
12553
12555
12562
12564
12564
12566
12566
12566
12567
12570
12571
12573
12575
12578
12578
12578
12578
12578
12578
12578
12579
12579
12579
12582
12582
12587
12587
12587
12587
12595
12595
12595
12595
12595
12596
12598
12598
12598
12598
12599
12599
12602
12605
12606
12606
12606
12606
12606
12606
12606
12609
12609
12609
12610
12613
12617
12618
12619
12619
12621
12625
12625
12626
12628
12630
12634
12635
12635
12635
12635
12638
12639
12639
12639
12639
12642
12646
12647
12647
12647
12647
12647
12647
12653
12654
12654
12655
12655
12657
12657
12658
12662
12662
12662
12664
12664
12664
12664
12664
12664
12667
12667
12669
12669
12669
12676
12676
12676
12676
12677
12679
12679
12682
12682
12683
12683
12683
12687
12688
12694
12694
12694
12694
12694
12694
12694
12698
12698
12703
12703
12706
12706
12706
12710
12714
12714
12714
12715
12715
12715
12715
12716
12717
12719
12719
12719
12719
12724
12724
12724
12726
12728
12729
12729
12729
12730
12737
12738
12746
12746
12746
12746
12746
12746
12746
12746
12747
12747
12751
12751
12751
12751
12751
12751
12751
12751
12756
12758
12763
12764
12764
12765
12767
12769
12770
12771
12771
12771
12771
12771
12773
12774
12774
12775
12777
12777
12777
12778
12778
12781
12781
12781
12781
12781
12781
12781
12781
12786
12786
12795
12797
12802
12806
12806
12807
12808
12808
12808
12808
12808
12808
12808
12808
12809
12813
12818
12824
12824
12824
12824
12824
12826
12827
12830
12830
12834
12836
12838
12838
12839
12842
12842
12842
12846
12847
12847
12847
12847
12848
12848
12848
12848
12848
12848
12848
12848
12848
12854
12857
12857
12857
12857
12857
12857
12857
12858
12862
12864
12864
12864
12864
12864
12864
12864
12864
12866
12868
12870
12874
12874
12877
12879
12879
12882
12884
12887
12887
12887
12888
12888
12888
12889
12890
12899
12899
12899
12899
12899
12899
12900
12900
12900
12900
12900
12902
12903
12908
12908
12908
12908
12914
12915
12929
12931
12932
12932
12932
12932
12932
12932
12932
12932
12933
12933
12933
12935
12936
12938
12940
12942
12942
12945
12948
12948
12950
12953
12955
12955
12958
12958
12962
12962
12962
12964
12964
12964
12966
12968
12970
12974
12974
12974
12976
12977
12977
12977
12978
12978
12978
12978
12979
12980
12982
12985
12987
12987
12990
12995
12996
12996
12996
12996
12996
12996
12996
13000
13001
13001
13004
13004
13006
13010
13017
13017
13018
13018
13018
13018
13018
13018
13018
13018
13018
13018
13018
13018
13022
13025
13025
13026
13033
13033
13034
13034
13042
13042
13044
13044
13050
13050
13054
13058
13059
13060
13060
13060
13060
13065
13066
13067
13070
13071
13071
13072
13072
13072
13072
13073
13073
13073
13073
13073
13073
13073
13077
13081
13082
13086
13089
13098
13100
13100
13100
13100
13106
13107
13107
13107
13107
13107
13107
13107
13107
13110
13119
13120
13120
13120
13123
13123
13124
13124
13124
13124
13124
13125
13127
13129
13134
13134
13134
13134
13138
13138
13145
13145
13146
13149
13153
13154
13154
13157
13157
13157
13157
13157
13157
13158
13158
13162
13162
13166
13167
13169
13172
13172
13172
13172
13177
13177
13177
13177
13181
13181
13181
13182
13182
13186
13186
13186
13186
13186
13186
13186
13186
13187
13187
13188
13190
13194
13194
13200
13200
13200
13200
13201
13202
13204
13204
13204
13204
13204
13205
13207
13210
13210
13210
13210
13210
13210
13218
13219
13219
13219
13219
13219
13219
13220
13220
13225
13226
13228
13228
13228
13228
13228
13228
13228
13229
13230
13233
13234
13234
13234
13234
13234
13234
13236
13237
13237
13237
13241
13246
13246
13246
13246
13246
13246
13246
13250
13250
13254
13257
13258
13258
13258
13258
13258
13258
13258
13258
13258
13261
13265
13267
13267
13267
13267
13268
13268
13268
13268
13268
13268
13268
13270
13270
13270
13270
13274
13277
13278
13278
13287
13287
13287
13287
13287
13287
13287
13287
13289
13289
13289
13293
13293
13294
13294
13298
13299
13299
13299
13305
13305
13305
13308
13308
13313
13315
13316
13316
13317
13317
13317
13318
13326
13326
13326
13326
13329
13335
13335
13335
13335
13335
13335
13335
13335
13340
13340
13340
13340
13340
13345
13348
13348
13348
13353
13353
13353
13353
13356
13365
13366
13370
13375
13375
13375
13375
13375
13375
13375
13375
13375
13375
13375
13375
13375
13375
13375
13375
13375
13379
13380
13380
13380
13380
13380
13388
13388
13388
13388
13388
13395
13395
13395
13396
13396
13398
13402
13403
13403
13403
13403
13406
13406
13408
13408
13411
13415
13415
13415
13415
13415
13415
13415
13417
13417
13417
13417
13418
13418
13421
13421
13425
13425
13425
13425
13425
13428
13435
13435
13435
13435
13435
13439
13439
13439
13439
13439
13440
13445
13448
13448
13448
13448
13448
13464
13467
13467
13467
13467
13468
13473
13477
13477
13477
13477
13477
13477
13478
13478
13478
13478
13489
13489
13489
13498
13498
13498
13499
13499
13499
13499
13499
13499
13499
13499
13499
13503
13503
13503
13506
13506
13506
13514
13514
13514
13514
13514
13515
13515
13518
13518
13518
13521
13522
13524
13524
13527
13533
13533
13546
13546
13546
13549
13549
13550
13550
13550
13550
13550
13557
13557
13557
13557
13557
13558
13558
13558
13558
13558
13559
13559
13559
13560
13566
13574
13577
13577
13578
13578
13578
13579
13579
13580
13580
13580
13580
13580
13581
13581
13595
13595
13595
13595
13595
13595
13596
13596
13596
13598
13598
13603
13605
13605
13606
13606
13606
13606
13607
13607
13607
13607
13607
13607
13608
13622
13624
13624
13624
13624
13624
13629
13629
13630
13630
13631
13631
13631
13635
13638
13643
13644
13644
13644
13644
13646
13648
13648
13653
13653
13653
13653
13653
13653
13653
13653
13653
13653
13654
13655
13662
13665
13665
13665
13666
13669
13669
13670
13670
13676
13676
13676
13676
13676
13682
13684
13684
13684
13687
13687
13688
13694
13694
13694
13694
13705
13705
13705
13705
13705
13714
13714
13718
13718
13718
13718
13727
13727
13727
13727
13727
13727
13727
13735
13735
13735
13740
13740
13742
13742
13745
13747
13751
13757
13757
13757
13757
13757
13763
13763
13770
13770
13770
13770
13770
13770
13770
13770
13770
13770
13770
13770
13770
13770
13770
13770
13779
13779
13779
13779
13779
13780
13780
13780
13789
13790
13790
13790
13790
13790
13796
13797
13797
13797
13801
13801
13802
13802
13802
13803
13803
13806
13810
13810
13810
13810
13810
13810
13827
13827
13828
13828
13831
13831
13831
13835
13835
13835
13835
13835
13836
13838
13838
13842
13845
13845
13845
13846
13846
13848
13848
13848
13855
13855
13855
13855
13866
13868
13868
13871
13871
13875
13875
13875
13876
13876
13876
13876
13876
13876
13880
13881
13883
13888
13888
13888
13893
13894
13894
13894
13894
13897
13898
13901
13902
13903
13903
13906
13906
13906
13906
13908
13910
13916
13916
13916
13916
13916
13916
13924
13925
13928
13928
13928
13928
13928
13928
13931
13933
13933
13933
13934
13937
13937
13938
13940
13943
13944
13944
13946
13947
13948
13948
13948
13948
13949
13950
13952
13952
13953
13954
13954
13954
13954
13954
13955
13955
13957
13958
13960
13962
13963
13963
13963
13963
13965
13966
13968
13968
13969
13971
13972
13975
13976
13977
13977
13979
13980
13981
13983
13985
13987
13988
13989
13991
13992
13994
14003
14007
14010
14010
14016
14016
14016
14021
14026
14026
14029
14033
14034
14040
14042
14046
14046
14046
14049
14058
14059
14059
14063
14066
14068
14068
14074
14076
14077
14077
14078
14078
14079
14082
14086
14086
14086
14090
14094
14095
14095
14095
14097
14098
14102
14102
14102
14102
14105
14106
14106
14106
14106
14109
14110
14110
14113
14117
14117
14117
14117
14117
14117
14117
14117
14117
14118
14118
14118
14118
14118
14118
14118
14118
14118
14118
14118
14118
14118
14118
14118
14118
14118
14121
14127
14127
14127
14127
14127
14127
14127
14127
14127
14127
14128
14128
14128
14128
14128
14128
14128
14128
14128
14128
14128
14128
14128
14128
14129
14129
14129
14129
14131
14131
14131
14131
14131
14131
14131
14131
14132
14132
14133
14133
14133
14133
14134
14134
14135
14135
14136
14136
14137
14137
14145
14157
14157
14157
14157
14157
14157
14157
14157
14157
14157
14157
14158
14158
14158
14158
14158
14158
14158
14158
14158
14158
14158
14158
14158
14158
14158
14158
14158
14158
14159
14159
14159
14159
14159
14159
14159
14159
14159
14159
14159
14159
14159
14159
14159
14159
14161
14161
14165
14167
14178
14178
14178
14178
14178
14185
14186
14186
14186
14186
14186
14186
14189
14189
14189
14190
14190
14193
14198
14201
14201
14204
14204
14204
14206
14210
14214
14214
14214
14225
14225
14225
14226
14226
14226
14227
14227
14233
14233
14233
14233
14234
14234
14234
14234
14234
14238
14245
14246
14246
14249
14249
14249
14255
14255
14255
14255
14256
14256
14256
14256
14256
14256
14256
14258
14258
14258
14259
14259
14259
14259
14259
14259
14262
14263
14266
14266
14266
14266
14266
14266
14267
14267
14267
14269
14269
14269
14273
14274
14274
14274
14274
14278
14278
14285
14285
14285
14285
14285
14285
14297
14297
14298
14298
14298
14298
14299
14299
14299
14299
14299
14302
14302
14302
14305
14307
14307
14309
14309
14309
14309
14309
14309
14309
14310
14314
14314
14316
14316
14316
14316
14318
14318
14321
14325
14325
14325
14325
14325
14326
14326
14329
14332
14332
14332
14332
14332
14332
14332
14332
14334
14334
14334
14338
14338
14341
14342
14345
14346
14349
14349
14349
14349
14349
14349
14350
14350
14352
14353
14353
14354
14354
14357
14357
14357
14357
14357
14357
14357
14367
14368
14368
14369
14369
14369
14369
14377
14380
14380
14380
14380
14380
14380
14380
14380
14380
14380
14380
14380
14381
14393
14393
14393
14393
14393
14393
14394
14402
14403
14403
14403
14403
14403
14403
14404
14404
14404
14404
14404
14404
14409
14413
14416
14419
14419
14419
14419
14419
14419
14428
14428
14428
14428
14428
14428
14428
14428
14428
14428
14438
14445
14445
14445
14445
14445
14446
14446
14447
14450
14450
14450
14450
14450
14451
14451
14454
14456
14458
14458
14465
14465
14465
14465
14468
14468
14475
14475
14475
14476
14476
14489
14489
14489
14489
14500
14500
14500
14500
14500
14500
14500
14500
14500
14500
14500
14512
14512
14520
14524
14528
14528
14528
14528
14529
14537
14537
14537
14537
14538
14538
14538
14538
14538
14538
14538
14541
14541
14543
14547
14556
14556
14556
14556
14556
14556
14556
14556
14556
14557
14559
14560
14563
14564
14564
14564
14567
14567
14567
14570
14570
14579
14579
14579
14582
14586
14591
14591
14591
14591
14591
14591
14593
14600
14601
14601
14601
14601
14601
14601
14601
14601
14602
14602
14602
14607
14607
14607
14613
14613
14613
14613
14613
14613
14613
14613
14618
14618
14623
14627
14638
14638
14638
14638
14638
14643
14645
14646
14646
14646
14646
14646
14656
14657
14660
14660
14668
14668
14668
14668
14668
14669
14671
14674
14680
14680
14680
14680
14682
14686
14693
14696
14698
14698
14699
14705
14705
14705
14705
14705
14705
14707
14707
14716
14716
14724
14724
14725
14725
14725
14725
14725
14725
14728
14728
14736
14743
14744
14748
14748
14748
14750
14755
14755
14755
14756
14765
14766
14766
14766
14767
14767
14779
14779
14784
14785
14786
14793
14794
14798
14802
14802
14802
14802
14802
14802
14802
14802
14802
14808
14815
14820
14820
14820
14820
14820
14820
14820
14820
14820
14820
14820
14821
14828
14828
14828
14828
14834
14838
14842
14843
14846
14846
14846
14846
14846
14846
14848
14851
14851
14866
14867
14867
14867
14867
14875
14875
14875
14875
14883
14883
14883
14883
14883
14888
14888
14897
14897
14897
14902
14902
14907
14907
14907
14907
14909
14923
14923
14923
14925
14930
14931
14931
14931
14932
14933
14933
14938
14938
14938
14938
14938
14941
14945
14955
14955
14955
14955
14958
14960
14964
14965
14967
14967
14967
14967
14971
14971
14971
14971
14971
14971
14971
14971
14973
14978
14987
14987
14987
14988
14989
14989
14990
14990
14992
14993
14993
14994
14994
14994
14994
14994
14994
14995
14995
14995
14995
14995
14995
14996
14996
14997
14998
14999
14999
15000
15000
15000
15000
15000
15401
15933
17012
18573
19253
20002
20016
20029
20051
20065
20100
20100
20218
20218
20218
20218
20239
20255
20270
20287
20337
20370
20375
20382
20429
20443
20462
20476
20495
20549
20587
20669
20738
20759
20762
20769
20788
20831
20835
20863
20871
20896
20930
20942
20976
21004
21008
21022
21069
21075
21097
21128
21190
21229
21229
21229
21230
21237
21247
21255
21295
21295
21335
21380
21465
21466
21478
21509
21549
21570
21611
21709
21805
21805
21817
21841
21841
21900
21900
21942
21942
21970
22004
22004
22004
22004
22026
22026
22049
22083
22101
22101
22101
22117
22117
22261
22292
22292
22292
22292
22296
22296
22304
22304
22315
22341
22360
22381
22388
22394
22401
22429
22442
22456
22457
22469
22474
22487
22500
22507
22525
22542
22542
22567
22580
22602
22630
22630
22648
22648
22648
22688
22688
22688
22688
22691
22702
22702
22703
22724
22724
22737
22770
22770
22770
22770
22775
22775
22792
22792
22794
22801
22811
22812
22869
22875
22884
22885
22924
22924
22924
22926
22926
22948
22954
22961
22968
23001
23021
23033
23041
23054
23066
23081
23094
23101
23109
23114
23124
23125
23151
23151
23151
23154
23175
23181
23194
23273
23273
23285
23304
23316
23330
23348
23382
23382
23382
23413
23427
23457
23469
23469
23495
23509
23548
23555
23609
23617
23617
23635
23642
23681
23728
23741
23747
23755
23761
23776
23788
23832
23832
23848
23860
23888
23888
23921
23948
23955
23960
23979
23980
24002
24002
24035
24068
24068
24068
24082
24096
24101
24148
24148
24161
24189
24203
24209
24214
24227
24255
24284
24284
24322
24328
24333
24351
24351
24363
24363
24381
24408
24414
24428
24438
24448
24454
24461
24473
24512
24512
24527
24534
24554
24567
24574
24581
24607
24628
24642
24660
24693
24700
24713
24747
24748
24767
24780
24793
24807
24841
24846
24873
24880
24897
24900
24907
24921
24940
24947
24971
24971
25000
25021
25042
25042
25042
25121
25125
25149
25150
25150
25151
25161
25161
25182
25182
25182
25252
25259
25272
25273
25286
25294
25294
25301
25301
25385
25412
25412
25412
25418
25433
25439
25519
25527
25527
25532
25541
25541
25544
25564
25565
25573
25573
25591
25601
25602
25661
25661
25694
25694
25694
25695
25715
25715
25716
25716
25735
25735
25735
25736
25751
25751
25751
25751
25778
25918
25926
25952
25965
25974
25978
25984
25999
25999
26011
26040
26040
26040
26041
26044
26044
26045
26045
26051
26061
26061
26141
26141
26186
26186
26198
26206
26231
26239
26268
26269
26311
26333
26430
26430
26430
26467
26467
26481
26482
26506
26506
26506
26506
26521
26521
26521
26521
26529
26579
26606
26606
26607
26607
26613
26613
26613
26613
26746
26752
26760
26765
26775
26775
26818
26825
27185
27185
27265
27279
27279
27285
27291
27317
27327
27327
27338
27338
27344
27351
27371
27379
27386
27402
27403
27403
27403
27417
27424
27581
27631
27639
27648
27648
27801
27802
27802
27802
27848
27848
27848
28106
28135
28135
28135
28135
28139
28139
28232
28239
28284
28293
28298
28307
28308
28391
28571
28571
28983
28990
29282
29573
29573
29573
29578
29578
29583
29604
29610
29618
29619
29623
29669
29676
29691
29698
29698
29709
29720
29723
29731
29739
29739
29746
29747
29755
29755
29759
29759
29763
29771
29772
29796
29796
29796
29796
29823
29831
29837
29843
29849
29877
29883
30018
30040
30054
30114
30153
30170
30186
30195
30232
30240
30270
30288
30302
30327
30334
30395
30524
30525
30537
30562
30591
30650
30651
30677
30680
30687
30702
30713
30720
30743
30743
30756
30761
30770
30770
30774
30816
30820
30863
30863
30896
30902
30927
30935
31000
31014
31030
31036
31046
31157
31158
31187
31200
31322
31353
31369
31380
31387
31410
31440
31513
31620
31668
31691
31731
31773
31857
31879
31940
31973
31994
32040
32199
32232
32256
32307
32336
32379
32413
32531
32678
32698
32711
32778
32894
32932
33024
33064
33150
33206
33238
33291
33331
33380
33438
33526
33646
33785
33879
34033
34096
34200
34365
34476
35103
35112
35118
35132
35159
35159
35160
35160
35264
35425
35438
35477
35477
35489
35597
35766
35766
40070
40217
40262
40310
40490
40523
40575
40588
40682
40798
40855
40977
41024
41034
41103
41121
41165
41390
41530
41556
41636
41832
41850
41990
42095
42135
42256
42303
42398
42456
42495
42763
42903
43069
43089
43118
43175
43309
43492
43524
43603
44055
44135
44196
44242
44257
44354
44508
44542
44822
44879
44916
44930
44984
45026
45061
45061
45078
45116
45205
45233
45251
45277
45348
45361
45384
45430
45461
45498
45512
45545
45578
45617
45658
45702
45764
45795
45827
45857
45892
45919
45938
45984
46008
46058
46078
46084
46113
46133
46145
46164
46204
46226
46274
46292
46391
46448
46483
46546
46599
46626
46645
47185
47224
47251
47296
47325
47364
47398
47454
47484
47552
47628
47630
47665
47691
47741
47761
47778
47792
47811
47835
47851
47891
47930
47984
48070
48105
48146
48164
48226
48253
48258
48302
48302
48330
48360
48405
48427
48464
48484
48512
48539
48578
48607
48645
48654
48686
48704
48750
48796
48839
48864
48875
48930
48938
49008
49011
49038
49077
49111
49131
49151
49173
49204
49256
49318
49351
49374
49374
49408
49430
49440
49481
49482
49485
49568
49576
49610
49635
49645
49658
49710
49757
49812
49831
49851
49872
49891
49919
49926
49968
49986
49998
50248
50358
50422
50431
50432
50443
50456
50471
50471
50562
50569
50576
50670
50736
50743
50778
50778
50778
50797
50950
50955
50997
51123
51164
51175
51196
51845
51845
51857
51862
51870
51883
51896
51917
51983
51998
52025
52029
52045
52128
52230
52235
52262
52262
52443
52450
52457
52461
52468
52495
52495
52503
52728
52728
52736
52788
52803
52820
52828
52843
52856
52963
52983
53123
53196
53495
53508
53516
53629
53656
53656
53656
53709
53717
53937
53937
53951
53963
53976
53989
54069
54077
54230
54295
54356
54363
54371
54403
54504
54591
54709
54981
55002
55006
55007
55007
55007
55009
55014
55015
55016
55017
55017
55017
55018
55019
55019
55024
55024
55024
55024
55026
55026
55033
55033
55037
55037
55038
55038
55038
55038
55038
55038
55038
55038
55039
55039
55052
55052
55052
55053
55054
55064
55064
55067
55067
55067
55067
55067
55067
55067
55068
55068
55068
55068
55068
55068
55068
55068
55068
55068
55068
55068
55068
55068
55068
55074
55077
55077
55077
55077
55077
55078
55078
55078
55078
55078
55078
55078
55078
55079
55079
55079
55079
55081
55081
55081
55081
55081
55081
55081
55082
55082
55085
55094
55094
55097
55097
55098
55098
55098
55098
55098
55102
55102
55102
55105
55105
55105
55106
55106
55106
55106
55106
55112
55112
55112
55113
55113
55118
55118
55118
55121
55125
55125
55127
55128
55128
55128
55128
55129
55129
55133
55133
55133
55133
55135
55135
55136
55136
55137
55138
55147
55149
55149
55151
55151
55151
55151
55151
55153
55153
55153
55154
55154
55154
55157
55157
55158
55158
55158
55160
55161
55165
55166
55166
55169
55177
55185
55189
55190
55192
55193
55193
55193
55193
55197
55198
55198
55199
55199
55199
55199
55202
55202
55202
55202
55202
55205
55205
55205
55205
55206
55206
55208
55209
55209
55209
55209
55210
55210
55210
55213
55213
55217
55217
55217
55217
55218
55218
55218
55221
55221
55222
55222
55222
55222
55225
55225
55231
55231
55231
55231
55235
55235
55235
55235
55235
55246
55253
55253
55253
55257
55257
55259
55259
55259
55259
55259
55259
55259
55269
55269
55273
55273
55273
55276
55278
55279
55279
55279
55279
55281
55282
55282
55286
55286
55287
55290
55290
55292
55292
55292
55292
55292
55292
55294
55294
55297
55298
55302
55302
55302
55302
55304
55306
55306
55306
55306
55306
55306
55308
55308
55308
55313
55313
55313
55313
55316
55317
55317
55323
55324
55324
55324
55324
55324
55324
55324
55329
55329
55329
55329
55329
55329
55332
55333
55333
55333
55333
55334
55334
55334
55335
55335
55335
55341
55344
55353
55357
55364
55364
55364
55364
55364
55365
55369
55369
55374
55374
55374
55376
55376
55377
55381
55385
55387
55389
55389
55389
55393
55393
55396
55396
55397
55397
55397
55398
55398
55401
55401
55406
55406
55407
55407
55407
55407
55407
55407
55409
55410
55410
55410
55413
55414
55414
55415
55415
55416
55417
55417
55417
55417
55421
55421
55422
55422
55424
55425
55425
55426
55426
55428
55428
55428
55428
55428
55428
55430
55432
55432
55432
55432
55432
55432
55432
55432
55432
55438
55438
55439
55440
55441
55441
55445
55445
55445
55445
55450
55450
55450
55450
55450
55453
55453
55453
55453
55453
55453
55454
55454
55454
55454
55458
55461
55461
55462
55463
55468
55468
55470
55470
55470
55474
55474
55478
55478
55478
55481
55481
55481
55483
55483
55483
55483
55483
55483
55483
55483
55484
55484
55484
55484
55484
55484
55484
55484
55484
55484
55484
55484
55484
55484
55484
55485
55485
55485
55490
55490
55490
55490
55490
55490
55494
55494
55498
55498
55498
55499
55499
55499
55499
55499
55499
55506
55506
55506
55506
55512
55512
55513
55514
55517
55517
55518
55518
55518
55518
55518
55518
55518
55537
55541
55542
55545
55549
55549
55553
55557
55557
55557
55557
55557
55562
55562
55562
55565
55565
55569
55569
55569
55569
55569
55569
55569
55569
55569
55569
55569
55570
55573
55573
55574
55574
55576
55577
55579
55579
55579
55579
55581
55581
55581
55582
55582
55582
55585
55585
55585
55587
55587
55587
55587
55587
55589
55589
55589
55589
55589
55593
55597
55597
55597
55597
55597
55601
55601
55605
55605
55605
55605
55605
55610
55610
55610
55611
55611
55611
55611
55611
55611
55611
55611
55611
55612
55612
55612
55612
55612
55612
55612
55612
55612
55612
55612
55612
55613
55613
55613
55613
55613
55613
55614
55614
55616
55616
55619
55619
55619
55619
55626
55627
55627
55627
55627
55627
55627
55628
55629
55630
55630
55630
55630
55634
55634
55635
55635
55635
55638
55638
55638
55638
55638
55639
55639
55639
55639
55643
55643
55645
55646
55646
55648
55648
55650
55653
55654
55654
55654
55654
55654
55658
55658
55658
55658
55661
55661
55661
55661
55661
55665
55667
55668
55668
55671
55672
55672
55672
55672
55672
55672
55672
55672
55672
55672
55674
55675
55675
55677
55677
55677
55677
55681
55683
55683
55683
55683
55683
55683
55686
55686
55687
55695
55695
55695
55695
55695
55696
55696
55697
55698
55698
55704
55704
55704
55704
55704
55705
55705
55706
55708
55710
55711
55711
55711
55711
55711
55711
55711
55711
55713
55715
55715
55717
55718
55721
55723
55723
55723
55723
55726
55726
55730
55730
55735
55735
55736
55736
55736
55736
55736
55736
55736
55736
55736
55742
55742
55742
55742
55746
55747
55752
55752
55756
55762
55762
55765
55765
55765
55766
55769
55769
55769
55770
55773
55774
55775
55775
55777
55789
55793
55794
55794
55794
55794
55797
55798
55807
55808
55808
55809
55814
55815
55816
55817
55819
55820
55823
55824
55825
55825
55826
55826
55826
55829
55830
55830
55831
55833
55833
55837
55837
55837
55838
55840
55842
55842
55846
55846
55847
55847
55850
55850
55856
55856
55859
55859
55859
55859
55859
55862
55862
55862
55862
55862
55863
55863
55867
55867
55867
55870
55870
55870
55872
55872
55873
55878
55878
55878
55880
55882
55882
55882
55886
55886
55886
55890
55890
55892
55894
55894
55898
55898
55898
55898
55903
55903
55904
55904
55905
55905
55908
55912
55914
55914
55914
55914
55914
55914
55921
55925
55925
55944
55950
55950
55950
55950
55950
55951
55951
55954
55954
55955
55955
55957
55957
55960
55972
55976
55976
56008
56010
56012
56012
56016
56018
56018
56018
56024
56024
56024
56030
56030
56030
56036
56036
56042
56043
56043
56048
56048
56048
56048
56048
56048
56050
56051
56051
56055
56055
56055
56055
56055
56055
56055
56055
56056
56056
56059
56059
56063
56065
56065
56066
56068
56068
56070
56072
56072
56072
56074
56074
56075
56075
56078
56086
56087
56087
56087
56087
56087
56089
56089
56089
56091
56091
56091
56095
56095
56095
56095
56096
56096
56096
56096
56097
56097
56097
56097
56097
56106
56106
56106
56106
56106
56106
56111
56111
56112
56115
56115
56116
56116
56117
56117
56118
56119
56121
56122
56126
56134
56136
56136
56136
56136
56136
56136
56136
56136
56136
56137
56137
56137
56150
56150
56157
56157
56158
56158
56158
56158
56159
56162
56162
56166
56168
56171
56172
56181
56185
56185
56186
56186
56189
56189
56193
56193
56197
56197
56198
56201
56202
56202
56205
56205
56205
56205
56209
56210
56213
56216
56218
56218
56223
56223
56225
56225
56225
56229
56229
56232
56233
56234
56234
56234
56235
56235
56237
56237
56237
56237
56241
56241
56241
56243
56243
56245
56245
56249
56249
56249
56253
56253
56257
56257
56257
56261
56261
56265
56265
56265
56269
56269
56269
56273
56275
56275
56275
56275
56278
56278
56278
56278
56278
56289
56289
56289
56289
56289
56289
56289
56292
56292
56292
56292
56293
56293
56294
56294
56295
56296
56297
56297
56297
56297
56297
56300
56301
56304
56305
56312
56317
56317
56320
56343
56343
56343
56343
56346
56347
56347
56347
56347
56347
56348
56356
56357
56357
56360
56367
56367
56371
56371
56373
56374
56376
56377
56381
56381
56381
56382
56385
56385
56386
56386
56387
56387
56389
56389
56390
56390
56392
56393
56396
56402
56402
56402
56405
56406
56406
56406
56406
56409
56409
56412
56412
56412
56413
56413
56413
56413
56425
56425
56425
56425
56426
56426
56426
56426
56426
56426
56426
56429
56431
56431
56432
56432
56432
56433
56433
56434
56435
56435
56435
56435
56437
56437
56438
56438
56440
56441
56442
56442
56445
56445
56445
56445
56446
56446
56446
56446
56446
56446
56446
56446
56446
56447
56447
56448
56450
56450
56454
56454
56457
56460
56460
56460
56460
56461
56461
56461
56461
56464
56467
56467
56467
56467
56467
56467
56468
56470
56473
56474
56474
56474
56474
56474
56474
56474
56474
56474
56474
56474
56474
56474
56475
56475
56475
56476
56478
56478
56478
56478
56481
56481
56481
56484
56485
56485
56485
56488
56495
56495
56496
56497
56498
56498
56501
56501
56501
56503
56505
56505
56505
56508
56508
56509
56509
56509
56513
56514
56514
56514
56517
56520
56526
56528
56529
56529
56532
56533
56533
56534
56534
56534
56537
56540
56543
56543
56545
56545
56548
56548
56549
56550
56550
56551
56551
56551
56551
56551
56553
56553
56554
56554
56554
56558
56558
56558
56558
56558
56561
56561
56562
56562
56562
56563
56563
56565
56565
56565
56566
56568
56568
56568
56568
56568
56569
56569
56569
56569
56569
56569
56569
56569
56569
56569
56569
56569
56573
56574
56574
56576
56577
56582
56582
56585
56586
56586
56587
56587
56587
56590
56590
56594
56594
56597
56597
56598
56598
56605
56605
56605
56605
56605
56609
56609
56609
56612
56612
56612
56613
56614
56614
56614
56615
56616
56617
56617
56617
56619
56619
56619
56619
56619
56619
56619
56619
56623
56623
56623
56625
56625
56627
56627
56627
56627
56628
56628
56628
56628
56628
56628
56628
56629
56629
56631
56631
56633
56633
56633
56641
56645
56645
56645
56645
56645
56645
56649
56650
56650
56654
56654
56654
56655
56657
56657
56657
56661
56665
56666
56666
56666
56666
56674
56676
56676
56677
56682
56691
56691
56691
56693
56693
56693
56693
56693
56693
56696
56697
56698
56698
56698
56701
56701
56705
56705
56705
56705
56705
56705
56705
56715
56716
56717
56717
56717
56717
56718
56719
56721
56725
56726
56729
56733
56733
56733
56733
56734
56734
56734
56734
56735
56738
56738
56741
56741
56741
56742
56742
56746
56746
56746
56748
56748
56753
56753
56754
56754
56754
56754
56757
56757
56757
56757
56758
56758
56758
56758
56761
56761
56762
56762
56766
56767
56768
56777
56778
56778
56779
56782
56782
56782
56782
56782
56782
56782
56782
56783
56783
56783
56783
56784
56785
56785
56787
56787
56787
56787
56788
56788
56788
56789
56792
56793
56796
56797
56797
56798
56798
56799
56801
56801
56802
56802
56802
56805
56808
56813
56815
56815
56815
56815
56815
56819
56819
56819
56819
56819
56822
56822
56824
56831
56831
56831
56831
56835
56837
56838
56838
56838
56840
56840
56840
56840
56845
56845
56849
56850
56850
56850
56853
56853
56853
56853
56854
56857
56858
56858
56861
56862
56862
56864
56864
56864
56868
56868
56871
56871
56871
56871
56878
56878
56878
56879
56879
56881
56883
56883
56886
56886
56888
56888
56889
56890
56891
56893
56893
56893
56893
56893
56893
56894
56895
56895
56896
56900
56900
56900
56903
56906
56908
56908
56911
56911
56911
56914
56918
56919
56919
56923
56923
56926
56926
56926
56926
56934
56934
56934
56936
56936
56936
56936
56938
56938
56939
56939
56945
56945
56945
56947
56948
56948
56948
56948
56949
56949
56956
56957
56958
56960
56962
56964
56964
56967
56967
56967
56976
56977
56978
56978
56979
56981
56983
56984
56984
56984
56986
56986
56988
56988
56988
56991
56991
56992
56994
56998
56998
56998
56998
56998
56998
56998
56998
56998
57005
57005
57007
57008
57008
57009
57014
57014
57014
57014
57016
57020
57021
57024
57037
57037
57041
57043
57043
57045
57045
57051
57051
57056
57057
57057
57065
57069
57072
57072
57072
57072
57072
57073
57073
57073
57073
57075
57075
57075
57075
57075
57075
57075
57075
57075
57075
57076
57076
57077
57082
57082
57082
57082
57082
57086
57088
57088
57088
57089
57092
57094
57095
57096
57109
57110
57111
57111
57111
57111
57112
57112
57127
57127
57141
57149
57149
57149
57149
57153
57153
57153
57154
57154
57156
57156
57156
57157
57157
57157
57157
57157
57161
57161
57161
57161
57162
57165
57165
57165
57169
57169
57170
57170
57173
57173
57174
57174
57174
57174
57174
57174
57174
57174
57175
57175
57175
57177
57177
57178
57178
57181
57181
57182
57182
57184
57185
57185
57186
57186
57186
57189
57189
57190
57190
57190
57193
57193
57193
57197
57197
57198
57198
57201
57202
57202
57205
57205
57206
57206
57206
57207
57207
57208
57208
57211
57213
57213
57213
57214
57215
57216
57217
57217
57218
57218
57221
57221
57222
57222
57225
57227
57228
57230
57231
57232
57233
57234
57234
57235
57237
57238
57238
57238
57240
57241
57242
57242
57242
57242
57242
57243
57243
57243
57243
57243
57243
57243
57244
57244
57244
57244
57245
57252
57252
57252
57255
57255
57255
57255
57255
57255
57257
57257
57257
57262
57262
57262
57262
57262
57264
57266
57267
57275
57275
57275
57275
57275
57275
57276
57276
57278
57278
57281
57283
57283
57284
57284
57285
57285
57286
57286
57289
57296
57296
57296
57297
57302
57302
57305
57305
57308
57312
57312
57312
57312
57313
57317
57317
57317
57317
57317
57319
57321
57322
57322
57324
57324
57324
57326
57327
57329
57330
57331
57334
57334
57335
57336
57336
57336
57336
57336
57338
57339
57341
57341
57341
57345
57345
57345
57345
57345
57345
57345
57348
57353
57354
57354
57355
57355
57355
57358
57358
57358
57358
57361
57361
57364
57364
57364
57365
57365
57365
57365
57365
57365
57368
57368
57369
57372
57373
57373
57373
57375
57375
57376
57376
57376
57377
57377
57379
57379
57382
57382
57384
57386
57386
57386
57386
57386
57387
57387
57391
57391
57391
57391
57394
57394
57394
57394
57394
57395
57396
57396
57396
57397
57397
57397
57401
57404
57405
57405
57405
57406
57406
57406
57409
57409
57410
57410
57410
57410
57410
57413
57415
57415
57415
57415
57416
57418
57421
57421
57422
57423
57423
57423
57425
57425
57425
57427
57428
57429
57429
57429
57431
57433
57433
57433
57434
57434
57434
57434
57434
57438
57438
57438
57438
57439
57439
57441
57441
57441
57441
57443
57443
57446
57446
57446
57446
57446
57449
57449
57449
57449
57449
57449
57449
57449
57450
57450
57453
57453
57456
57456
57458
57458
57458
57458
57461
57461
57462
57462
57462
57462
57463
57463
57463
57463
57463
57463
57468
57470
57470
57470
57470
57470
57470
57471
57471
57471
57473
57473
57473
57473
57473
57473
57473
57476
57481
57485
57498
57498
57498
57505
57505
57505
57505
57505
57508
57508
57508
57509
57509
57512
57514
57516
57518
57518
57518
57520
57523
57523
57523
57525
57525
57528
57528
57528
57528
57531
57533
57533
57533
57536
57536
57536
57536
57536
57536
57536
57536
57537
57537
57537
57544
57545
57545
57545
57548
57548
57548
57549
57549
57552
57554
57557
57557
57561
57567
57567
57567
57567
57569
57569
57569
57569
57569
57569
57569
57569
57570
57570
57570
57570
57570
57570
57570
57572
57573
57573
57573
57574
57574
57576
57577
57577
57577
57577
57577
57577
57578
57578
57578
57578
57581
57582
57583
57583
57583
57583
57585
57585
57585
57587
57587
57588
57588
57589
57589
57589
57591
57592
57593
57594
57594
57595
57596
57598
57598
57598
57600
57600
57600
57601
57601
57603
57603
57603
57605
57605
57605
57605
57605
57605
57608
57608
57608
57609
57613
57613
57617
57617
57617
57617
57617
57617
57617
57617
57621
57621
57623
57623
57623
57625
57626
57626
57626
57626
57626
57627
57629
57629
57631
57631
57631
57631
57631
57633
57633
57633
57633
57633
57633
57637
57637
57640
57641
57644
57645
57647
57649
57649
57651
57652
57652
57653
57653
57656
57656
57656
57656
57657
57657
57657
57657
57657
57661
57661
57663
57663
57663
57663
57665
57665
57669
57670
57670
57670
57670
57670
57671
57671
57671
57671
57671
57672
57672
57672
57672
57672
57672
57672
57673
57673
57673
57673
57673
57673
57676
57676
57676
57676
57678
57678
57681
57683
57683
57683
57683
57683
57684
57684
57685
57685
57685
57685
57685
57686
57688
57688
57689
57689
57692
57698
57698
57698
57698
57698
57698
57698
57698
57698
57703
57703
57703
57706
57706
57706
57713
57715
57715
57715
57716
57716
57717
57717
57720
57722
57724
57724
57724
57724
57724
57725
57725
57725
57728
57732
57732
57733
57733
57733
57733
57733
57737
57737
57737
57737
57737
57737
57738
57743
57743
57743
57743
57743
57744
57748
57753
57753
57757
57757
57757
57757
57757
57757
57757
57757
57758
57758
57758
57758
57758
57761
57761
57772
57773
57776
57776
57777
57777
57777
57777
57778
57778
57778
57779
57781
57783
57783
57783
57783
57786
57786
57789
57789
57791
57791
57791
57792
57793
57793
57797
57797
57799
57799
57801
57805
57805
57805
57806
57806
57806
57809
57810
57810
57810
57814
57814
57821
57821
57821
57822
57822
57822
57822
57822
57822
57824
57824
57824
57824
57824
57833
57834
57837
57837
57839
57839
57839
57841
57842
57846
57847
57847
57847
57847
57847
57847
57851
57852
57852
57852
57852
57852
57852
57852
57852
57852
57855
57855
57858
57862
57865
57874
57876
57876
57877
57877
57881
57886
57886
57886
57886
57888
57893
57896
57904
57904
57905
57905
57905
57905
57905
57905
57909
57909
57925
57925
57926
57926
57926
57926
57926
57926
57926
57926
57926
57929
57937
57937
57937
57937
57937
57937
57937
57938
57938
57938
57938
57938
57938
57938
57943
57945
57946
57946
57946
57946
57946
57946
57946
57948
57948
57950
57950
57950
57956
57956
57956
57956
57956
57961
57966
57966
57966
57966
57971
57971
57971
57971
57976
57976
57976
57977
57980
57985
57985
57985
57986
57986
57986
57989
57989
57992
57992
57992
57992
57994
57994
57994
57997
58001
58001
58007
58007
58013
58013
58017
58017
58017
58017
58017
58017
58017
58021
58025
58025
58027
58027
58027
58029
58036
58036
58036
58042
58042
58042
58042
58046
58046
58046
58046
58046
58046
58050
58053
58057
58057
58058
58058
58061
58061
58065
58066
58066
58071
58071
58072
58073
58074
58074
58074
58074
58074
58074
58074
58074
58074
58074
58075
58077
58078
58078
58078
58079
58079
58079
58079
58079
58089
58089
58089
58089
58089
58089
58089
58097
58097
58097
58105
58111
58111
58111
58111
58114
58114
58117
58118
58118
58121
58121
58121
58121
58121
58122
58122
58126
58126
58129
58129
58129
58129
58129
58129
58129
58130
58130
58130
58133
58138
58138
58138
58142
58142
58145
58145
58146
58146
58147
58147
58147
58149
58149
58153
58153
58153
58156
58158
58158
58161
58169
58177
58178
58184
58184
58184
58184
58184
58184
58184
58184
58184
58184
58185
58185
58185
58185
58185
58186
58186
58186
58186
58186
58186
58188
58189
58192
58193
58196
58197
58198
58201
58202
58202
58202
58202
58203
58203
58203
58203
58203
58203
58203
58203
58205
58206
58208
58208
58208
58208
58210
58210
58213
58214
58217
58218
58218
58218
58219
58221
58222
58222
58223
58224
58224
58226
58226
58231
58232
58232
58232
58234
58234
58234
58235
58238
58239
58239
58239
58239
58239
58239
58239
58240
58240
58240
58240
58240
58240
58240
58241
58241
58245
58246
58249
58253
58253
58253
58254
58257
58257
58258
58258
58261
58265
58267
58267
58267
58267
58267
58267
58272
58272
58273
58273
58277
58277
58277
58281
58281
58282
58283
58285
58285
58287
58287
58290
58290
58293
58293
58294
58294
58294
58295
58295
58295
58298
58298
58298
58298
58299
58301
58301
58301
58303
58303
58303
58303
58305
58307
58307
58308
58308
58308
58309
58309
58312
58313
58315
58316
58317
58318
58320
58320
58320
58321
58321
58322
58323
58324
58324
58324
58324
58326
58328
58330
58330
58331
58333
58333
58333
58333
58333
58335
58335
58335
58335
58335
58337
58338
58338
58338
58338
58339
58341
58341
58341
58342
58344
58345
58345
58346
58346
58346
58347
58347
58348
58350
58350
58350
58354
58357
58357
58357
58361
58362
58363
58365
58365
58365
58367
58368
58369
58369
58369
58371
58372
58374
58376
58376
58376
58377
58378
58380
58381
58382
58383
58383
58383
58383
58383
58383
58386
58386
58392
58394
58397
58398
58398
58398
58402
58402
58402
58404
58406
58406
58407
58409
58415
58425
58425
58425
58425
58425
58425
58425
58425
58426
58426
58426
58426
58428
58428
58428
58429
58429
58429
58430
58431
58431
58433
58436
58437
58437
58441
58441
58442
58442
58443
58443
58443
58445
58446
58448
58449
58451
58455
58455
58455
58455
58455
58456
58458
58459
58459
58459
58461
58461
58462
58462
58465
58465
58469
58469
58469
58473
58473
58476
58476
58476
58477
58478
58478
58478
58479
58479
58479
58481
58481
58487
58487
58489
58493
58493
58493
58496
58496
58498
58507
58507
58507
58507
58507
58507
58507
58507
58507
58507
58507
58507
58507
58507
58508
58513
58517
58523
58529
58532
58538
58538
58538
58541
58542
58542
58542
58544
58544
58549
58550
58550
58553
58554
58554
58554
58554
58554
58554
58555
58555
58555
58556
58556
58557
58557
58558
58558
58558
58558
58558
58570
58570
58575
58575
58575
58575
58575
58575
58576
58576
58576
58576
58576
58576
58577
58577
58580
58581
58585
58585
58585
58585
58585
58592
58592
58593
58593
58596
58597
58597
58598
58598
58598
58598
58598
58598
58598
58600
58600
58600
58601
58601
58605
58606
58606
58607
58608
58609
58609
58609
58613
58613
58613
58613
58616
58616
58616
58617
58618
58618
58621
58621
58622
58624
58625
58625
58626
58626
58629
58630
58633
58634
58636
58637
58645
58646
58646
58646
58647
58647
58647
58647
58647
58648
58649
58650
58650
58657
58661
58661
58664
58664
58665
58668
58672
58674
58674
58679
58679
58679
58679
58679
58679
58680
58680
58680
58680
58681
58681
58682
58685
58685
58685
58689
58689
58689
58693
58693
58696
58696
58696
58696
58696
58696
58696
58696
58696
58700
58703
58703
58703
58704
58704
58705
58705
58708
58713
58713
58713
58721
58721
58726
58726
58726
58726
58726
58728
58728
58728
58728
58728
58728
58728
58728
58728
58728
58736
58736
58736
58736
58743
58743
58743
58743
58743
58743
58743
58743
58744
58746
58746
58753
58753
58756
58756
58756
58756
58756
58756
58756
58756
58756
58757
58757
58758
58760
58767
58767
58768
58776
58776
58777
58777
58777
58777
58777
58777
58777
58777
58777
58778
58779
58782
58782
58783
58783
58789
58789
58789
58789
58793
58793
58794
58796
58796
58796
58798
58798
58802
58802
58802
58807
58807
58807
58807
58810
58812
58812
58812
58812
58817
58817
58817
58822
58822
58822
58822
58822
58822
58822
58822
58825
58825
58826
58827
58828
58828
58829
58829
58829
58829
58830
58833
58833
58833
58834
58834
58834
58837
58837
58837
58837
58842
58842
58842
58842
58842
58842
58842
58842
58842
58842
58842
58842
58847
58847
58849
58849
58851
58851
58851
58856
58856
58856
58856
58856
58857
58861
58866
58866
58866
58866
58867
58869
58869
58870
58870
58870
58870
58871
58872
58873
58873
58873
58877
58877
58879
58881
58881
58882
58882
58885
58885
58885
58887
58887
58887
58888
58888
58888
58889
58890
58891
58892
58893
58893
58896
58897
58897
58898
58898
58898
58903
58903
58903
58906
58907
58907
58908
58915
58928
58928
58928
58929
58934
58934
58937
58941
58941
58942
58942
58945
58945
58945
58952
58953
58953
58953
58954
58954
58958
58958
58969
58981
58985
58986
58986
58986
58986
58988
58989
58992
58992
58993
58994
58995
58998
58998
58998
58998
58999
59000
59002
59002
59003
59003
59003
59005
59008
59016
59019
59019
59019
59019
59020
59020
59020
59020
59020
59020
59024
59024
59024
59024
59024
59025
59025
59025
59029
59029
59029
59029
59029
59029
59029
59030
59031
59033
59034
59034
59035
59037
59037
59037
59038
59039
59039
59039
59039
59039
59039
59039
59039
59040
59051
59051
59051
59056
59056
59058
59058
59058
59061
59061
59062
59067
59067
59067
59067
59070
59071
59074
59074
59074
59074
59074
59075
59076
59077
59077
59078
59078
59079
59082
59082
59082
59082
59082
59082
59083
59083
59083
59083
59083
59083
59086
59087
59089
59089
59089
59089
59089
59089
59090
59090
59090
59090
59092
59098
59098
59098
59098
59099
59100
59100
59105
59105
59105
59105
59108
59113
59113
59113
59113
59114
59114
59116
59116
59116
59117
59118
59118
59123
59123
59123
59123
59127
59128
59128
59131
59131
59134
59137
59137
59137
59138
59143
59143
59146
59147
59147
59147
59147
59150
59150
59150
59150
59154
59155
59156
59156
59156
59156
59159
59159
59162
59162
59168
59169
59169
59169
59178
59178
59178
59178
59178
59182
59185
59185
59185
59185
59185
59185
59186
59191
59191
59191
59191
59191
59191
59191
59191
59191
59191
59191
59191
59191
59194
59194
59197
59198
59198
59198
59198
59198
59201
59208
59208
59208
59208
59208
59208
59208
59208
59211
59211
59213
59214
59215
59216
59216
59216
59216
59216
59218
59222
59222
59223
59223
59229
59231
59231
59231
59235
59235
59235
59235
59235
59235
59236
59236
59236
59236
59238
59238
59238
59238
59239
59241
59245
59245
59246
59246
59246
59247
59248
59248
59248
59248
59248
59249
59250
59250
59251
59251
59253
59254
59254
59254
59254
59254
59255
59256
59256
59257
59258
59261
59262
59266
59266
59266
59266
59266
59266
59266
59273
59273
59273
59277
59277
59277
59277
59283
59283
59289
59289
59289
59289
59289
59289
59289
59289
59293
59294
59294
59294
59297
59301
59302
59302
59303
59303
59304
59304
59305
59308
59309
59309
59310
59310
59312
59312
59312
59313
59313
59313
59313
59314
59314
59316
59317
59318
59318
59318
59320
59321
59322
59322
59325
59326
59326
59326
59327
59327
59327
59328
59330
59330
59330
59333
59333
59333
59336
59336
59340
59340
59340
59340
59340
59340
59340
59340
59341
59341
59341
59341
59342
59344
59344
59344
59344
59344
59344
59344
59344
59344
59345
59345
59348
59349
59350
59350
59352
59353
59354
59354
59354
59354
59354
59355
59355
59355
59358
59358
59361
59363
59363
59363
59364
59364
59366
59366
59366
59366
59367
59370
59370
59370
59374
59374
59374
59374
59374
59375
59375
59375
59375
59375
59376
59378
59378
59383
59383
59384
59386
59386
59387
59387
59387
59387
59389
59393
59393
59395
59396
59397
59397
59398
59401
59401
59401
59402
59402
59402
59402
59404
59405
59405
59405
59408
59410
59410
59412
59416
59416
59417
59417
59417
59417
59418
59418
59421
59421
59422
59422
59423
59423
59425
59425
59425
59427
59427
59427
59427
59427
59427
59429
59429
59430
59430
59433
59433
59433
59437
59437
59437
59438
59441
59441
59441
59441
59444
59444
59444
59444
59444
59445
59445
59446
59446
59446
59446
59449
59450
59451
59451
59452
59455
59455
59455
59455
59457
59459
59459
59459
59459
59459
59462
59462
59462
59464
59477
59478
59478
59479
59479
59480
59480
59480
59480
59480
59480
59480
59481
59481
59481
59481
59481
59481
59481
59481
59481
59485
59485
59486
59489
59490
59490
59493
59494
59494
59494
59494
59497
59497
59499
59501
59504
59512
59513
59514
59515
59515
59515
59515
59516
59516
59516
59516
59516
59516
59518
59520
59522
59522
59522
59523
59533
59533
59533
59537
59538
59539
59539
59539
59540
59541
59545
59546
59546
59546
59547
59548
59548
59550
59553
59553
59556
59556
59558
59558
59560
59561
59561
59565
59565
59565
59565
59568
59568
59568
59569
59569
59569
59569
59570
59573
59573
59573
59573
59573
59573
59573
59573
59573
59578
59580
59580
59580
59580
59582
59582
59583
59583
59583
59583
59583
59583
59583
59583
59583
59583
59585
59585
59585
59586
59586
59588
59593
59596
59597
59597
59601
59604
59606
59606
59606
59606
59606
59606
59608
59611
59613
59613
59613
59613
59614
59614
59614
59614
59618
59622
59626
59626
59634
59634
59637
59637
59637
59637
59638
59638
59638
59641
59642
59646
59646
59646
59652
59654
59654
59654
59654
59656
59658
59659
59659
59659
59659
59660
59665
59665
59669
59669
59669
59673
59674
59675
59677
59677
59677
59681
59681
59685
59685
59688
59689
59689
59689
59689
59689
59689
59689
59689
59689
59692
59694
59694
59694
59695
59695
59695
59695
59695
59695
59697
59697
59697
59697
59697
59701
59701
59705
59705
59710
59710
59710
59710
59711
59711
59711
59711
59712
59712
59713
59713
59713
59714
59717
59717
59717
59720
59721
59721
59721
59724
59725
59725
59726
59726
59728
59732
59735
59735
59737
59737
59737
59743
59743
59745
59749
59750
59751
59751
59751
59752
59753
59753
59753
59753
59756
59757
59757
59757
59757
59757
59758
59758
59758
59762
59762
59763
59763
59763
59763
59763
59766
59766
59766
59767
59767
59767
59767
59769
59771
59771
59771
59773
59773
59773
59773
59773
59773
59773
59774
59774
59774
59774
59774
59774
59774
59775
59775
59775
59775
59775
59775
59775
59779
59779
59779
59782
59782
59783
59783
59784
59785
59785
59785
59785
59786
59786
59786
59788
59789
59793
59793
59793
59793
59797
59797
59799
59799
59801
59801
59801
59803
59803
59804
59804
59804
59804
59805
59809
59809
59810
59811
59811
59811
59812
59813
59813
59817
59817
59817
59817
59817
59817
59817
59817
59823
59823
59825
59825
59825
59826
59829
59829
59829
59829
59829
59830
59830
59830
59830
59833
59833
59841
59841
59842
59843
59843
59843
59843
59843
59844
59845
59849
59850
59850
59850
59853
59853
59854
59857
59857
59857
59857
59858
59858
59861
59866
59866
59866
59868
59868
59868
59868
59868
59868
59868
59868
59869
59876
59876
59876
59876
59877
59877
59878
59889
59890
59890
59890
59890
59890
59890
59890
59890
59890
59897
59897
59897
59897
59897
59897
59902
59902
59905
59905
59906
59906
59909
59909
59910
59914
59914
59915
59915
59915
59915
59915
59915
59915
59918
59918
59920
59921
59928
59928
59928
59928
59928
59928
59928
59928
59929
59933
59933
59933
59934
59934
59935
59935
59935
59937
59937
59938
59938
59938
59942
59942
59942
59942
59942
59943
59945
59945
59946
59948
59949
59949
59949
59949
59949
59954
59954
59956
59956
59958
59958
59961
59962
59962
59962
59965
59966
59966
59969
59974
59974
59974
59974
59978
59981
59981
59981
59981
59982
59985
59987
59987
59987
59987
59988
59994
59994
59997
60002
60016
60023
60026
60026
60039
60051
60051
60051
60055
60060
60060
60060
60060
60061
60061
60062
60080
60080
60083
60097
60097
60121
60121
60145
60145
60148
60152
60152
60152
60155
60166
60191
60194
60209
60210
60210
60230
60231
60231
60231
60239
60239
60245
60250
60252
60258
60260
60274
60275
60277
60278
60280
60282
60285
60285
60287
60287
60288
60293
60297
60302
60302
60312
60312
60321
60333
60336
60336
60336
60344
60344
60345
60347
60351
60351
60351
60352
60352
60352
60355
60359
60361
60369
60372
60372
60372
60372
60373
60376
60377
60379
60380
60381
60383
60383
60385
60389
60390
60390
60390
60391
60391
60391
60393
60395
60401
60405
60406
60407
60408
60409
60410
60413
60416
60417
60419
60419
60420
60420
60420
60429
60430
60431
60432
60432
60435
60435
60440
60440
60441
60441
60448
60449
60450
60454
60454
60458
60459
60469
60469
60469
60469
60469
60471
60471
60471
60473
60484
60485
60485
60485
60485
60485
60485
60496
60497
60498
60499
60500
60500
60502
60503
60504
60506
60516
60516
60516
60516
60520
60520
60522
60530
60530
60530
60540
60540
60540
60540
60540
60541
60541
60541
60541
60541
60549
60549
60549
60549
60549
60551
60565
60565
60566
60566
60566
60570
60570
60572
60579
60583
60583
60583
60583
60583
60584
60597
60600
60611
60611
60611
60622
60624
60634
60634
60650
60650
60650
60650
60655
60655
60669
60669
60669
60679
60679
60679
60691
60691
60691
60700
60700
60700
60705
60707
60710
60727
60763
60768
60768
60768
60770
60790
60795
60798
60810
60815
60820
60820
60826
60830
60830
60831
60834
60838
60845
60850
60854
60858
60858
60858
60862
60865
60869
60874
60877
60879
60879
60882
60886
60887
60891
60895
60895
60899
60902
60902
60903
60906
60907
60910
60915
60915
60919
60919
60923
60923
60925
60925
60925
60925
60925
60926
60938
60946
60947
60948
60950
60950
60950
60950
60950
60950
60950
60950
60950
60950
60958
60958
60961
60965
60966
60969
60970
60970
60974
60974
60974
60974
60974
60975
60986
61000
61000
61009
61009
61013
61013
61018
61020
61020
61022
61026
61030
61031
61031
61031
61037
61042
61046
61052
61053
61056
61058
61062
61069
61075
61077
61079
61082
61082
61082
61082
61084
61091
61095
61099
61129
61148
61148
61148
61148
61156
61156
61156
61163
61173
61173
61184
61185
61197
61210
61210
61220
61222
61225
61230
61231
61236
61236
61239
61243
61251
61253
61260
61270
61270
61274
61274
61274
61278
61278
61278
61289
61289
61291
61291
61291
61296
61300
61300
61302
61302
61305
61310
61316
61318
61322
61323
61323
61323
61323
61328
61328
61333
61342
61342
61342
61342
61345
61345
61345
61345
61345
61345
61346
61346
61346
61346
61352
61352
61353
61355
61355
61355
61359
61359
61359
61359
61359
61360
61363
61364
61366
61367
61368
61370
61371
61371
61375
61378
61378
61378
61382
61386
61393
61395
61397
61397
61397
61399
61407
61409
61410
61410
61410
61411
61411
61411
61411
61415
61416
61419
61420
61429
61430
61430
61430
61430
61436
61438
61440
61442
61444
61445
61447
61451
61455
61456
61466
61472
61474
61475
61476
61478
61479
61479
61480
61482
61483
61485
61486
61490
61494
61495
61498
61498
61499
61499
61502
61502
61506
61506
61510
61512
61513
61513
61514
61516
61518
61522
61531
61534
61539
61539
61555
61559
61565
61573
61573
61582
61585
61589
61589
61593
61593
61617
61626
61643
61643
61646
61646
61648
61648
61650
61654
61670
61690
61718
61750
61757
61758
61766
61768
61779
61779
61786
61790
61791
61795
61799
61799
61801
61802
61802
61818
61818
61818
61819
61821
61821
61821
61824
61824
61824
61838
61852
61852
61852
61852
61852
61877
61877
61877
61884
61901
61902
61907
61923
61923
61931
61936
61939
61940
61943
61946
61950
61955
61957
61970
61981
61981
61981
61981
61990
62000
62002
62007
62023
62023
62023
62036
62038
62052
62052
62053
62055
62055
62056
62056
62057
62060
62060
62062
62070
62082
62082
62082
62082
62082
62083
62083
62083
62083
62085
62092
62100
62107
62107
62107
62171
62172
62172
62173
62173
62173
62173
62173
62173
62174
62174
62174
62174
62174
62174
62175
62175
62175
62175
62175
62176
62176
62176
62176
62179
62183
62189
62189
62189
62189
62189
62190
62190
62190
62199
62200
62201
62208
62210
62225
62230
62230
62232
62232
62234
62235
62235
62239
62251
62254
62260
62282
62284
62289
62289
62289
62289
62290
62299
62299
62299
62305
62308
62319
62320
62328
62329
62330
62330
62330
62330
62330
62330
62331
62332
62334
62339
62340
62342
62343
62353
62355
62355
62358
62359
62359
62359
62366
62367
62370
62372
62378
62378
62384
62384
62391
62391
62391
62391
62392
62392
62400
62404
62404
62411
62411
62417
62418
62418
62422
62430
62439
62445
62451
62463
62463
62464
62470
62476
62477
62477
62477
62487
62487
62487
62489
62489
62492
62494
62494
62494
62500
62500
62504
62505
62505
62506
62508
62508
62508
62511
62513
62513
62520
62525
62531
62531
62539
62547
62550
62553
62553
62553
62555
62561
62561
62562
62562
62562
62563
62564
62564
62578
62583
62583
62588
62588
62588
62588
62588
62590
62590
62598
62614
62638
62657
62657
62666
62670
62674
62682
62686
62688
62700
62707
62707
62719
62722
62728
62730
62748
62748
62748
62748
62748
62750
62752
62754
62756
62766
62767
62777
62777
62777
62777
62777
62786
62787
62787
62787
62790
62790
62791
62792
62792
62792
62800
62803
62803
62803
62803
62803
62812
62812
62812
62820
62820
62821
62823
62823
62825
62825
62825
62825
62826
62827
62838
62841
62843
62843
62846
62847
62850
62857
62857
62861
62865
62866
62871
62871
62875
62875
62881
62883
62883
62885
62889
62894
62902
62902
62916
62916
62916
62920
62920
62921
62922
62923
62933
62934
62940
62940
62940
62941
62941
62957
62961
62961
62965
62981
62981
62981
62981
62981
62981
62981
62981
62981
62981
62981
62981
62981
62981
62981
62981
62981
62981
62981
62981
62981
62982
62982
62982
62982
62982
62982
62982
62983
62991
63001
63001
63003
63010
63013
63015
63025
63026
63030
63030
63033
63037
63043
63046
63046
63052
63055
63055
63059
63062
63071
63076
63076
63084
63084
63093
63102
63102
63110
63111
63139
63160
63161
63161
63161
63178
63178
63178
63178
63178
63184
63186
63187
63206
63206
63206
63210
63229
63230
63233
63233
63233
63240
63244
63244
63250
63251
63251
63254
63256
63258
63269
63270
63270
63270
63274
63288
63291
63291
63294
63303
63303
63308
63308
63308
63316
63316
63318
63319
63324
63325
63325
63325
63326
63330
63330
63331
63333
63334
63335
63336
63338
63339
63344
63346
63347
63349
63351
63353
63353
63354
63356
63357
63358
63360
63362
63363
63365
63366
63368
63369
63370
63373
63377
63385
63395
63398
63406
63419
63422
63422
63434
63434
63434
63457
63461
63462
63463
63463
63467
63470
63485
63489
63489
63490
63490
63490
63491
63495
63495
63495
63496
63497
63509
63511
63515
63518
63520
63528
63528
63531
63531
63531
63531
63531
63531
63534
63534
63535
63535
63536
63536
63538
63539
63540
63544
63550
63557
63557
63559
63561
63561
63561
63561
63564
63567
63567
63572
63572
63578
63578
63579
63580
63587
63593
63593
63596
63596
63597
63597
63599
63599
63600
63604
63615
63615
63615
63615
63616
63617
63617
63617
63617
63618
63619
63620
63622
63629
63630
63634
63634
63634
63641
63643
63645
63646
63663
63664
63664
63664
63667
63669
63670
63670
63670
63670
63673
63680
63688
63688
63688
63689
63691
63702
63702
63702
63702
63702
63702
63705
63705
63708
63712
63712
63716
63716
63717
63722
63730
63730
63730
63731
63731
63731
63734
63754
63759
63760
63763
63765
63772
63772
63772
63773
63773
63778
63778
63778
63778
63789
63793
63801
63806
63806
63811
63812
63816
63816
63816
63825
63832
63832
63832
63837
63847
63852
63858
63869
63869
63870
63876
63876
63876
63878
63878
63879
63886
63894
63898
63910
63912
63912
63919
63924
63924
63927
63927
63936
63936
63947
63950
63951
63958
63968
63971
63971
63975
63977
63978
63989
63989
63992
63994
63995
63998
64000
64004
64005
64014
64018
64020
64020
64039
64039
64050
64052
64056
64057
64060
64062
64062
64070
64072
64073
64086
64086
64089
64095
64101
64103
64103
64105
64106
64110
64113
64114
64119
64120
64125
64129
64129
64133
64139
64139
64139
64142
64145
64145
64150
64153
64153
64155
64162
64162
64168
64168
64175
64178
64183
64183
64183
64183
64194
64198
64198
64201
64206
64207
64222
64224
64234
64234
64238
64241
64246
64246
64246
64254
64256
64256
64261
64262
64262
64270
64278
64279
64289
64289
64290
64295
64298
64302
64302
64304
64307
64307
64313
64316
64316
64319
64322
64325
64338
64339
64345
64345
64347
64351
64351
64357
64361
64367
64367
64369
64376
64377
64384
64389
64392
64395
64395
64401
64408
64413
64417
64426
64426
64427
64432
64439
64439
64447
64451
64451
64471
64476
64485
64492
64509
64509
64510
64512
64513
64516
64519
64527
64529
64530
64532
64532
64534
64538
64538
64548
64549
64550
64553
64555
64559
64560
64561
64568
64568
64572
64573
64573
64575
64594
64594
64594
64598
64600
64601
64607
64608
64610
64610
64611
64611
64615
64630
64646
64647
64653
64653
64654
64655
64659
64659
64659
64670
64673
64678
64679
64683
64684
64694
64707
64710
64711
64720
64735
64741
64741
64741
64741
64741
64745
64747
64760
64764
64765
64772
64772
64785
64785
64785
64791
64791
64795
64801
64802
64805
64809
64809
64809
64809
64819
64820
64821
64821
64825
64826
64826
64828
64830
64830
64831
64833
64848
64849
64850
64852
64856
64859
64860
64864
64871
64873
64876
64881
64883
64884
64891
64893
64896
64900
64912
64912
64912
64912
64914
64915
64917
64918
64919
64919
64923
64924
64924
64929
64929
64931
64940
64941
64942
64942
64942
64942
64950
64952
64952
64953
64956
64956
64962
64970
64972
64989
64989
64989
64989
64989
64989
64989
64989
65005
65006
65006
65006
65010
65010
65010
65010
65010
65015
65019
65023
65024
65024
65025
65025
65029
65029
65029
65032
65036
65038
65038
65038
65038
65038
65041
65041
65041
65042
65042
65044
65045
65045
65054
65054
65058
65058
65058
65058
65058
65060
65061
65061
65061
65062
65074
65075
65075
65075
65076
65076
65082
65082
65082
65082
65082
65082
65083
65083
65084
65084
65088
65088
65090
65102
65102
65102
65102
65104
65104
65107
65107
65107
65107
65108
65109
65110
65110
65114
65114
65114
65116
65117
65117
65117
65128
65128
65128
65128
65128
65129
65135
65135
65135
65135
65135
65140
65140
65147
65147
65147
65147
65147
65148
65149
65149
65149
65150
65150
65150
65150
65150
65150
65150
65156
65156
65158
65158
65160
65168
65168
65168
65168
65168
65168
65168
65168
65169
65170
65170
65170
65178
65179
65179
65179
65182
65182
65182
65182
65183
65183
65183
65183
65183
65184
65185
65185
65185
65188
65188
65192
65192
65192
65196
65197
65200
65204
65205
65205
65205
65209
65209
65209
65212
65212
65212
65217
65224
65224
65228
65228
65228
65228
65228
65228
65228
65228
65228
65228
65228
65229
65229
65230
65230
65230
65230
65239
65241
65241
65241
65241
65243
65243
65246
65246
65252
65252
65255
65255
65255
65256
65256
65260
65264
65264
65264
65268
65273
65273
65279
65279
65280
65280
65284
65284
65286
65290
65291
65293
65293
65293
65296
65296
65300
65301
65308
65308
65308
65308
65308
65308
65309
65314
65314
65314
65315
65315
65315
65319
65329
65331
65331
65331
65331
65337
65337
65345
65347
65348
65351
65352
65356
65360
65360
65360
65360
65360
65360
65360
65360
65360
65365
65365
65365
65365
65365
65366
65366
65366
65366
65366
65366
65366
65366
65366
65366
65366
65366
65366
65367
65368
65369
65369
65369
65370
65370
65370
65371
65371
65372
65376
65379
65379
65379
65380
65380
65382
65386
65389
65389
65389
65396
65396
65400
65400
65405
65406
65406
65406
65409
65411
65411
65412
65414
65414
65416
65418
65418
65420
65421
65422
65422
65424
65426
65426
65427
65428
65430
65430
65432
65436
65437
65437
65437
65437
65440
65445
65445
65445
65445
65446
65453
65453
65453
65456
65456
65456
65456
65456
65456
65456
65456
65456
65456
65456
65456
65456
65457
65457
65457
65460
65464
65470
65470
65470
65470
65479
65480
65480
65480
65480
65480
65480
65480
65480
65480
65484
65485
65486
65487
65487
65487
65487
65487
65487
65487
65487
65489
65489
65490
65492
65492
65492
65492
65493
65493
65493
65497
65501
65501
65504
65508
65508
65510
65510
65510
65510
65512
65512
65512
65512
65517
65517
65517
65519
65522
65524
65532
65532
65532
65532
65532
65532
65533
65533
65536
65538
65538
65538
65538
65540
65544
65548
65550
65550
65550
65550
65550
65550
65550
65550
65550
65550
65550
65551
65551
65551
65551
65551
65551
65551
65551
65551
65551
65551
65551
65551
65551
65551
65551
65551
65551
65551
65553
65553
65554
65554
65554
65556
65560
65560
65561
65562
65562
65565
65568
65569
65570
65570
65570
65570
65571
65571
65574
65577
65577
65578
65582
65583
65583
65584
65590
65592
65592
65600
65600
65601
65601
65601
65601
65601
65601
65601
65601
65610
65610
65610
65611
65620
65624
65625
65636
65641
65641
65645
65647
65650
65653
65657
65658
65658
65658
65658
65658
65658
65660
65660
65660
65663
65664
65664
65664
65664
65667
65669
65674
65684
65684
65688
65688
65690
65692
65692
65692
65694
65696
65696
65696
65696
65696
65698
65701
65706
65706
65706
65706
65706
65706
65706
65706
65706
65706
65706
65707
65707
65707
65707
65707
65707
65707
65707
65707
65707
65707
65708
65708
65709
65711
65711
65713
65715
65715
65717
65717
65717
65717
65717
65717
65717
65718
65718
65718
65718
65718
65718
65718
65718
65718
65718
65720
65720
65721
65722
65724
65724
65725
65727
65727
65727
65729
65729
65729
65729
65730
65730
65730
65730
65730
65730
65730
65730
65731
65733
65735
65738
65739
65740
65740
65746
65748
65748
65753
65756
65758
65761
65761
65763
65763
65763
65769
65770
65772
65772
65774
65776
65777
65778
65779
65783
65783
65783
65791
65794
65794
65794
65795
65798
65798
65805
65805
65807
65808
65812
65817
65817
65817
65817
65817
65820
65820
65822
65823
65829
65832
65837
65837
65837
65840
65840
65847
65847
65847
65847
65848
65849
65849
65853
65853
65856
65860
65864
65864
65864
65864
65864
65865
65865
65867
65870
65870
65876
65876
65877
65877
65877
65879
65880
65888
65888
65888
65890
65890
65890
65890
65890
65890
65890
65890
65890
65890
65890
65890
65890
65890
65890
65890
65891
65891
65891
65891
65891
65891
65891
65891
65891
65891
65891
65891
65891
65891
65891
65893
65893
65893
65893
65897
65897
65897
65902
65902
65903
65903
65903
65906
65909
65909
65912
65913
65913
65917
65919
65919
65924
65928
65928
65933
65934
65934
65938
65941
65944
65945
65946
65948
65948
65952
65963
65964
65964
65964
65964
65967
65967
65971
65971
65972
65976
65978
65980
65980
65983
65983
65983
65983
65983
65984
65984
65985
65986
65988
65988
65991
65991
65992
65995
65996
66000
66010
66015
66015
66018
66018
66018
66018
66019
66019
66023
66023
66025
66025
66025
66025
66026
66028
66028
66028
66028
66028
66028
66028
66028
66028
66029
66029
66029
66029
66029
66029
66029
66029
66029
66029
66029
66029
66029
66029
66029
66029
66029
66029
66030
66030
66030
66030
66030
66030
66030
66030
66030
66030
66030
66030
66030
66030
66030
66030
66030
66030
66030
66030
66030
66030
66030
66031
66031
66033
66033
66041
66041
66047
66047
66049
66049
66049
66050
66050
66050
66050
66050
66050
66050
66050
66055
66062
66065
66065
66065
66067
66067
66067
66067
66067
66070
66075
66075
66077
66077
66077
66078
66083
66087
66088
66089
66090
66092
66100
66104
66104
66106
66107
66108
66111
66111
66112
66113
66118
66123
66124
66128
66128
66128
66128
66129
66129
66129
66129
66131
66131
66134
66139
66145
66145
66145
66145
66147
66147
66150
66151
66153
66155
66160
66160
66161
66162
66163
66164
66171
66171
66171
66171
66171
66171
66171
66171
66171
66171
66175
66176
66176
66176
66176
66179
66179
66179
66180
66188
66188
66191
66196
66196
66200
66202
66202
66202
66202
66204
66204
66209
66209
66211
66219
66219
66219
66219
66220
66220
66220
66220
66226
66230
66237
66237
66239
66243
66245
66245
66245
66248
66252
66255
66268
66269
66273
66273
66277
66277
66277
66279
66280
66283
66284
66284
66284
66288
66304
66308
66315
66317
66317
66328
66333
66333
66335
66335
66336
66336
66336
66336
66336
66336
66336
66336
66337
66337
66344
66348
66351
66352
66355
66355
66355
66355
66355
66355
66356
66356
66356
66356
66356
66356
66357
66358
66358
66358
66358
66359
66360
66360
66361
66362
66363
66364
66368
66369
66369
66373
66373
66373
66375
66375
66376
66376
66376
66376
66376
66376
66376
66380
66383
66383
66384
66384
66386
66387
66388
66389
66389
66389
66392
66395
66397
66398
66400
66401
66401
66401
66401
66401
66401
66401
66401
66401
66405
66405
66408
66412
66417
66417
66417
66419
66419
66419
66419
66419
66419
66420
66420
66420
66420
66420
66420
66420
66420
66420
66420
66420
66420
66420
66420
66423
66425
66428
66436
66436
66436
66436
66436
66440
66444
66448
66448
66450
66453
66453
66456
66456
66456
66456
66456
66456
66460
66465
66465
66467
66467
66472
66477
66477
66479
66479
66482
66482
66485
66485
66491
66491
66491
66495
66495
66496
66499
66499
66499
66499
66499
66502
66503
66504
66505
66505
66505
66506
66507
66507
66507
66508
66513
66513
66518
66518
66518
66521
66521
66522
66524
66528
66528
66528
66534
66534
66540
66542
66544
66548
66552
66553
66553
66554
66555
66555
66555
66555
66555
66555
66556
66558
66558
66560
66566
66566
66568
66575
66576
66576
66576
66576
66578
66579
66579
66579
66580
66581
66582
66584
66585
66585
66585
66585
66585
66585
66588
66591
66593
66597
66597
66599
66599
66599
66599
66599
66599
66600
66604
66608
66613
66615
66615
66615
66615
66615
66615
66615
66616
66616
66617
66620
66620
66620
66621
66624
66626
66626
66629
66629
66630
66630
66631
66631
66631
66634
66636
66636
66637
66637
66637
66640
66642
66642
66646
66646
66651
66651
66658
66660
66660
66660
66660
66660
66660
66661
66664
66664
66664
66664
66664
66669
66669
66673
66673
66676
66682
66682
66682
66687
66687
66687
66690
66690
66697
66697
66705
66706
66706
66707
66708
66712
66713
66713
66720
66728
66728
66730
66737
66737
66737
66738
66739
66743
66746
66748
66748
66749
66750
66751
66752
66756
66757
66760
66762
66769
66769
66769
66770
66771
66772
66772
66772
66772
66774
66775
66777
66780
66781
66781
66789
66790
66790
66792
66792
66792
66793
66795
66795
66795
66796
66801
66801
66804
66804
66804
66807
66807
66807
66808
66808
66811
66811
66811
66821
66821
66829
66829
66829
66829
66829
66829
66829
66829
66831
66831
66831
66831
66831
66831
66831
66831
66832
66834
66836
66840
66841
66841
66841
66841
66848
66848
66850
66850
66850
66850
66852
66852
66855
66855
66856
66856
66856
66856
66857
66857
66857
66857
66862
66862
66870
66871
66876
66876
66878
66880
66881
66887
66887
66887
66887
66887
66891
66891
66891
66891
66894
66901
66901
66901
66901
66904
66905
66905
66905
66905
66905
66905
66905
66905
66906
66906
66906
66906
66906
66906
66906
66906
66906
66906
66906
66906
66906
66906
66906
66906
66906
66906
66906
66906
66906
66906
66906
66907
66907
66907
66907
66907
66907
66907
66907
66907
66907
66907
66907
66907
66907
66907
66912
66916
66920
66922
66924
66929
66929
66929
66929
66930
66930
66930
66930
66930
66932
66935
66936
66938
66942
66942
66955
66956
66956
66957
66960
66960
66968
66968
66972
66972
66972
66972
66972
66975
66975
66975
66977
66977
66984
66984
66992
66993
66996
66996
67000
67000
67001
67008
67008
67008
67010
67013
67013
67013
67013
67013
67013
67017
67017
67017
67025
67025
67027
67027
67027
67027
67028
67028
67029
67031
67031
67033
67035
67035
67036
67037
67037
67039
67040
67040
67040
67040
67040
67041
67042
67044
67048
67052
67058
67059
67060
67061
67063
67064
67065
67065
67065
67071
67073
67074
67081
67086
67087
67087
67087
67087
67089
67089
67089
67089
67089
67089
67097
67097
67100
67103
67107
67110
67113
67113
67116
67116
67117
67117
67117
67117
67117
67124
67124
67125
67128
67132
67133
67134
67136
67136
67138
67139
67140
67141
67141
67141
67141
67143
67145
67147
67147
67147
67148
67151
67156
67157
67157
67157
67157
67157
67160
67160
67160
67160
67163
67164
67164
67164
67172
67173
67181
67181
67181
67181
67182
67184
67188
67188
67190
67190
67190
67196
67198
67199
67203
67211
67212
67213
67213
67213
67213
67213
67213
67215
67215
67216
67221
67221
67221
67223
67229
67229
67230
67230
67230
67230
67237
67240
67240
67241
67241
67241
67241
67241
67241
67243
67244
67248
67252
67256
67256
67257
67257
67257
67257
67257
67266
67266
67266
67270
67270
67270
67270
67274
67282
67282
67282
67284
67288
67293
67293
67293
67293
67294
67296
67296
67296
67296
67299
67299
67299
67300
67305
67311
67311
67311
67311
67311
67318
67318
67321
67321
67322
67322
67330
67330
67330
67331
67331
67331
67332
67335
67337
67344
67362
67362
67362
67362
67368
67368
67372
67372
67372
67372
67372
67372
67378
67378
67378
67378
67378
67379
67380
67380
67384
67386
67386
67387
67389
67390
67391
67396
67396
67398
67400
67401
67401
67406
67406
67407
67407
67411
67411
67411
67416
67417
67418
67418
67418
67418
67420
67424
67428
67431
67431
67431
67432
67436
67438
67439
67439
67439
67440
67444
67448
67452
67452
67459
67460
67460
67460
67460
67460
67460
67460
67460
67464
67467
67467
67472
67474
67476
67480
67482
67482
67483
67483
67483
67483
67483
67483
67484
67487
67487
67488
67491
67491
67491
67494
67497
67499
67499
67501
67501
67501
67501
67502
67502
67504
67506
67507
67509
67512
67514
67514
67514
67515
67516
67518
67519
67519
67519
67520
67520
67521
67521
67523
67523
67524
67525
67526
67527
67527
67528
67528
67528
67529
67531
67533
67533
67534
67534
67536
67538
67538
67538
67538
67539
67540
67544
67548
67550
67555
67557
67557
67560
67560
67563
67563
67563
67563
67563
67563
67563
67563
67563
67564
67564
67564
67564
67564
67564
67564
67564
67564
67564
67564
67564
67566
67568
67569
67573
67580
67580
67585
67585
67587
67590
67596
67601
67602
67602
67602
67604
67610
67613
67616
67617
67620
67621
67625
67629
67629
67639
67639
67639
67640
67642
67656
67660
67660
67660
67661
67661
67661
67661
67664
67668
67668
67668
67668
67668
67677
67680
67680
67685
67685
67693
67693
67693
67695
67695
67696
67696
67700
67701
67704
67704
67709
67712
67712
67725
67725
67725
67727
67727
67729
67729
67729
67729
67729
67730
67730
67730
67732
67736
67740
67740
67740
67750
67750
67750
67750
67765
67765
67765
67765
67765
67765
67765
67766
67766
67766
67766
67766
67766
67766
67766
67766
67767
67767
67767
67767
67767
67767
67767
67767
67767
67768
67768
67768
67768
67768
67768
67770
67770
67770
67770
67770
67780
67784
67784
67784
67788
67790
67790
67790
67790
67790
67790
67790
67790
67790
67793
67793
67793
67800
67800
67801
67801
67801
67801
67801
67801
67803
67803
67803
67803
67803
67803
67803
67803
67806
67808
67810
67810
67810
67810
67810
67814
67820
67820
67820
67820
67820
67820
67820
67821
67821
67821
67823
67824
67824
67825
67825
67827
67828
67830
67832
67834
67834
67834
67836
67840
67840
67840
67841
67841
67841
67841
67841
67843
67844
67844
67846
67848
67850
67852
67852
67852
67852
67852
67852
67852
67854
67856
67856
67857
67857
67857
67860
67864
67867
67868
67872
67876
67877
67877
67880
67881
67883
67884
67888
67893
67905
67912
67916
67920
67925
67925
67936
67938
67939
67941
67941
67944
67948
67953
67953
67953
67954
67956
67966
67970
67973
67974
67974
67974
67980
67985
67985
67985
67988
67988
67991
67992
67996
67998
67999
67999
67999
68000
68000
68003
68004
68007
68008
68012
68013
68013
68013
68014
68014
68016
68020
68020
68021
68024
68024
68028
68031
68031
68031
68031
68032
68038
68038
68038
68041
68041
68041
68041
68045
68045
68049
68051
68055
68055
68056
68056
68056
68056
68056
68059
68060
68060
68064
68066
68067
68067
68068
68071
68071
68074
68076
68076
68076
68080
68080
68080
68080
68080
68087
68089
68089
68089
68095
68095
68096
68098
68098
68098
68099
68100
68103
68104
68108
68108
68115
68115
68115
68116
68120
68126
68126
68126
68126
68128
68128
68141
68141
68145
68145
68146
68146
68146
68157
68157
68157
68157
68157
68160
68161
68176
68176
68176
68176
68176
68176
68176
68176
68177
68181
68181
68181
68182
68182
68185
68189
68192
68195
68195
68195
68196
68196
68196
68196
68196
68196
68196
68196
68196
68196
68196
68196
68197
68197
68197
68197
68197
68201
68201
68201
68201
68206
68209
68210
68227
68227
68239
68239
68240
68240
68240
68240
68244
68251
68251
68251
68263
68263
68263
68263
68263
68276
68278
68278
68282
68282
68290
68290
68290
68292
68293
68294
68294
68295
68296
68298
68302
68304
68305
68305
68305
68306
68307
68308
68309
68311
68312
68313
68314
68316
68316
68318
68320
68320
68321
68324
68326
68328
68332
68334
68336
68337
68340
68347
68348
68351
68353
68356
68364
68370
68370
68370
68377
68377
68377
68388
68390
68392
68392
68393
68398
68400
68401
68404
68404
68405
68405
68416
68420
68420
68420
68425
68428
68431
68433
68433
68433
68440
68440
68440
68444
68453
68453
68453
68453
68458
68458
68458
68458
68458
68458
68458
68458
68459
68459
68459
68459
68459
68459
68459
68464
68468
68472
68472
68479
68483
68483
68483
68483
68483
68483
68483
68483
68483
68483
68483
68484
68484
68484
68484
68484
68484
68484
68486
68486
68486
68486
68487
68487
68487
68498
68498
68498
68498
68498
68504
68513
68514
68514
68514
68514
68516
68518
68518
68518
68520
68524
68526
68526
68526
68528
68530
68535
68536
68545
68545
68552
68552
68552
68552
68552
68557
68557
68557
68558
68558
68574
68574
68574
68575
68575
68581
68582
68582
68591
68591
68591
68591
68591
68592
68592
68596
68599
68599
68599
68600
68604
68606
68606
68606
68606
68612
68616
68620
68620
68624
68624
68628
68631
68631
68631
68631
68632
68636
68637
68637
68640
68644
68644
68644
68648
68651
68651
68651
68656
68658
68658
68658
68660
68665
68665
68670
68670
68675
68675
68675
68678
68678
68678
68678
68681
68681
68688
68688
68694
68696
68699
68701
68701
68706
68706
68706
68706
68707
68712
68721
68721
68721
68721
68721
68721
68728
68728
68729
68729
68733
68734
68734
68734
68736
68739
68739
68740
68745
68754
68754
68757
68762
68762
68762
68772
68772
68772
68772
68776
68776
68776
68776
68780
68784
68784
68786
68786
68786
68786
68786
68789
68789
68789
68795
68796
68796
68796
68800
68803
68803
68805
68805
68806
68808
68808
68812
68816
68817
68817
68821
68821
68821
68822
68822
68822
68822
68822
68822
68827
68827
68833
68833
68833
68833
68834
68834
68834
68834
68834
68834
68834
68837
68837
68840
68840
68840
68840
68840
68840
68840
68841
68841
68844
68844
68844
68844
68844
68844
68849
68849
68868
68868
68869
68869
68869
68869
68875
68876
68876
68878
68878
68880
68880
68880
68885
68885
68885
68887
68887
68887
68887
68887
68892
68892
68892
68896
68896
68896
68900
68902
68902
68902
68902
68907
68907
68907
68911
68917
68917
68917
68919
68921
68921
68924
68924
68924
68924
68925
68925
68925
68936
68936
68936
68941
68941
68946
68946
68946
68947
68947
68948
68948
68948
68948
68948
68948
68948
68948
68948
68949
68949
68960
68960
68960
68967
68967
68968
68968
68970
68970
68970
68973
68973
68973
68973
68974
68974
68974
68974
68974
68974
68974
68974
68974
68975
68975
68975
68975
68976
68976
68976
68976
68978
68978
68978
68978
68978
68978
68978
68978
68978
68978
68980
68982
68982
68983
68983
68983
68983
68983
68984
68987
68990
68990
68990
68991
68991
68991
68991
68991
68991
68991
68991
68992
68992
68992
68992
68992
68992
68992
68997
68997
68997
69000
69000
69004
69006
69018
69019
69019
69019
69019
69019
69019
69019
69019
69019
69019
69019
69019
69019
69020
69020
69020
69021
69021
69021
69021
69021
69021
69021
69021
69021
69021
69023
69028
69030
69032
69036
69038
69044
69045
69045
69058
69058
69060
69069
69069
69069
69069
69076
69076
69076
69077
69083
69083
69086
69086
69092
69092
69098
69111
69111
69118
69119
69119
69131
69139
69139
69139
69139
69145
69157
69157
69157
69170
69177
69177
69177
69190
69190
69410
69410
69413
69433
69436
69461
69461
69481
69481
69481
69481
69482
69482
69490
69506
69508
69512
69513
69516
69516
69520
69524
69524
69528
69528
69528
69528
69528
69528
69528
69528
69528
69540
69544
69552
69553
69556
69556
69560
69564
69566
69566
69569
69569
69570
69584
69584
69589
69589
69589
69590
69596
69596
69596
69596
69596
69600
69604
69609
69609
69609
69616
69616
69618
69618
69619
69619
69619
69619
69619
69619
69621
69621
69621
69621
69621
69624
69631
69631
69632
69632
69632
69635
69648
69652
69656
69660
69663
69664
69664
69665
69667
69668
69668
69668
69668
69668
69680
69681
69681
69681
69683
69684
69688
69689
69691
69691
69691
69694
69694
69694
69694
69696
69700
69701
69702
69702
69704
69709
69710
69710
69710
69710
69715
69715
69715
69715
69715
69715
69715
69715
69725
69725
69729
69729
69730
69730
69730
69735
69736
69740
69740
69741
69741
69741
69741
69741
69752
69752
69756
69760
69760
69760
69761
69762
69762
69762
69769
69769
69770
69770
69770
69770
69770
69770
69770
69772
69781
69782
69784
69784
69789
69789
69791
69791
69792
69798
69798
69798
69799
69799
69799
69802
69803
69803
69808
69808
69812
69812
69812
69813
69813
69819
69819
69820
69820
69823
69824
69830
69830
69831
69838
69838
69838
69841
69841
69841
69842
69842
69844
69844
69846
69846
69846
69847
69847
69848
69849
69852
69852
69853
69854
69855
69856
69858
69859
69861
69861
69863
69863
69863
69863
69866
69867
69869
69869
69875
69875
69875
69875
69875
69875
69875
69875
69875
69875
69875
69875
69875
69875
69875
69875
69875
69875
69875
69875
69876
69876
69876
69876
69876
69876
69876
69876
69876
69876
69881
69881
69883
69883
69883
69883
69884
69884
69890
69900
69906
69907
69909
69919
69924
69936
69936
69940
69941
69941
69941
69941
69941
69941
69941
69941
69941
69941
69942
69942
69945
69945
69945
69948
69948
69950
69950
69950
69950
69950
69950
69955
69958
69958
69958
69958
69964
69968
69968
69969
69969
69969
69975
69975
69975
69975
69975
69982
69982
69982
69984
69988
69988
69989
69990
69990
69992
69997
69997
69997
69999
69999
69999
69999
70000
70005
70007
70007
70007
70007
70007
70007
70007
70007
70007
70009
70010
70010
70012
70012
70013
70013
70013
70013
70013
70013
70013
70013
70013
70013
70013
70013
70013
70014
70014
70014
70015
70017
70019
70020
70022
70033
70039
70039
70039
70039
70039
70039
70039
70039
70040
70040
70041
70041
70041
70041
70048
70048
70048
70049
70062
70067
70067
70067
70067
70067
70067
70067
70069
70076
70076
70076
70076
70076
70076
70080
70080
70085
70086
70086
70088
70089
70091
70092
70093
70095
70096
70105
70115
70117
70118
70119
70122
70126
70126
70126
70126
70126
70126
70126
70126
70133
70151
70154
70155
70157
70179
70179
70188
70203
70204
70204
70217
70217
70217
70217
70219
70219
70219
70219
70219
70230
70241
70241
70241
70241
70241
70241
70246
70246
70246
70246
70246
70246
70246
70246
70246
70266
70266
70266
70279
70279
70279
70279
70279
70279
70279
70281
70281
70310
70310
70310
70310
70329
70343
70343
70343
70343
70351
70351
70351
70382
70382
70415
70415
70415
70418
70418
70418
70418
70418
70418
70418
70418
70422
70422
70453
70461
70461
70461
70461
70461
70461
70509
70509
70509
70509
70509
70509
70509
70509
70510
70510
70510
70510
70510
70510
70510
70510
70510
70510
70510
70510
70510
70510
70510
70510
70510
70510
70510
70511
70511
70511
70511
70511
70511
70511
70511
70511
70511
70511
70511
70511
70511
70511
70511
70511
70511
70511
70512
70512
70512
70512
70512
70512
70514
70515
70515
70515
70515
70515
70515
70521
70521
70521
70522
70522
70526
70531
70531
70534
70534
70535
70535
70535
70535
70535
70535
70535
70535
70535
70537
70537
70537
70537
70537
70537
70537
70541
70544
70544
70544
70545
70545
70545
70549
70549
70550
70550
70550
70550
70550
70550
70550
70550
70550
70550
70550
70550
70550
70550
70562
70566
70577
70577
70577
70577
70577
70577
70577
70577
70577
70577
70578
70578
70578
70578
70578
70578
70578
70578
70578
70578
70582
70593
70593
70593
70614
70618
70618
70631
70632
70632
70644
70652
70652
70652
70652
70652
70652
70652
70652
70652
70652
70652
70652
70672
70673
70673
70673
70686
70686
70696
70696
70696
70696
70696
70696
70696
70696
70696
70696
70696
70696
70696
70696
70701
70703
70703
70706
70709
70709
70715
70715
70715
70715
70722
70745
70751
70751
70751
70751
70751
70751
70782
70782
70782
70782
70782
70783
70783
70783
70783
70783
70783
70783
70783
70783
70789
70789
70816
70816
70816
70816
70816
70816
70816
70816
70816
70816
70816
70816
70816
70816
70816
70816
70816
70849
70850
70850
70854
70857
70858
70858
70858
70858
70858
70858
70858
70858
70858
70858
70858
70866
70867
70869
70869
70870
70870
70870
70877
70877
70877
70877
70878
70878
70878
70878
70878
70878
70878
70878
70878
70878
70878
70899
70899
70899
70900
70900
70900
70950
70950
70950
70955
70955
70956
70956
70959
70959
70959
70959
70960
70960
70978
70986
70993
71003
71003
71003
71003
71003
71003
71003
71003
71003
71006
71006
71006
71006
71006
71006
71028
71030
71031
71033
71034
71034
71034
71034
71051
71051
71051
71051
71054
71054
71054
71057
71057
71057
71057
71059
71073
71075
71076
71078
71079
71081
71082
71084
71085
71087
71089
71090
71090
71090
71090
71090
71090
71092
71092
71093
71093
71093
71093
71093
71093
71093
71099
71099
71107
71107
71107
71107
71107
71107
71115
71115
71115
71115
71121
71121
71121
71121
71121
71128
71128
71128
71128
71143
71143
71144
71144
71145
71145
71146
71146
71147
71147
71147
71147
71147
71147
71148
71148
71149
71149
71150
71151
71151
71151
71151
71152
71152
71152
71152
71152
71152
71153
71155
71156
71161
71161
71161
71176
71177
71178
71178
71179
71180
71180
71180
71181
71182
71182
71182
71182
71183
71183
71183
71183
71183
71183
71185
71187
71189
71189
71190
71190
71191
71193
71194
71196
71198
71199
71201
71202
71202
71202
71202
71202
71202
71202
71202
71202
71202
71202
71202
71203
71204
71222
71223
71229
71229
71229
71229
71229
71229
71229
71237
71242
71242
71243
71243
71264
71264
71264
71264
71264
71264
71265
71265
71265
71265
71265
71265
71265
71265
71265
71265
71265
71265
71265
71281
71281
71282
71282
71282
71282
71282
71282
71282
71282
71290
71290
71291
71291
71292
71292
71292
71309
71309
71309
71309
71309
71310
71310
71324
71326
71328
71329
71332
71332
71332
71332
71332
71332
71354
71363
71363
71363
71363
71363
71363
71363
71363
71364
71364
71365
71366
71391
71391
71408
71408
71409
71409
71409
71409
71409
71409
71416
71432
71432
71432
71432
71432
71432
71432
71432
71432
71432
71432
71432
71432
71432
71432
71455
71455
71467
71468
71469
71469
71469
71469
71469
71469
71473
71473
71474
71474
71474
71474
71475
71475
71476
71476
71476
71476
71476
71476
71477
71477
71477
71497
71497
71497
71497
71497
71498
71498
71498
71498
71498
71498
71499
71499
71499
71499
71499
71499
71500
71500
71500
71500
71500
71500
71500
71500
71500
71500
71500
71506
71506
71506
71507
71507
71510
71511
71512
71514
71514
71515
71517
71518
71524
71524
71524
71524
71524
71524
71524
71524
71524
71525
71525
71526
71526
71527
71534
71536
71537
71538
71540
71541
71541
71541
71541
71542
71543
71545
71546
71546
71550
71550
71550
71558
71576
71588
71588
71588
71588
71589
71589
71590
71590
71591
71595
71596
71596
71596
71598
71598
71598
71614
71614
71614
71614
71614
71614
71614
71615
71615
71615
71615
71646
71646
71647
71647
71647
71647
71647
71647
71647
71648
71649
71677
71682
71682
71702
71702
71702
71702
71702
71702
71706
71706
71706
71706
71706
71706
71726
71726
71736
71737
71742
71742
71742
71742
71742
71742
71742
71747
71747
71747
71747
71766
71766
71766
71766
71781
71781
71817
71817
71817
71817
71817
71817
71817
71817
71817
71817
71818
71820
71820
71821
71821
71838
71838
71844
71844
71844
71844
71847
71847
71847
71864
71865
71865
71865
71865
71865
71866
71866
71867
71867
71867
71867
71867
71867
71867
71867
71867
71870
71871
71871
71871
71871
71871
71871
71871
71871
71891
71891
71891
71891
71897
71914
71914
71914
71914
71914
71921
71921
71921
71922
71922
71922
71930
71931
71931
71931
71931
71931
71931
71931
71931
71931
71931
71932
71934
71935
71948
71948
71948
71949
71949
71949
71963
71963
71963
71963
71975
71975
71975
71975
71975
71979
71979
71986
71989
71990
71992
71992
71992
71993
72007
72007
72007
72007
72007
72007
72007
72017
72017
72018
72021
72041
72041
72041
72041
72044
72046
72047
72049
72049
72049
72049
72049
72050
72052
72053
72055
72056
72057
72057
72057
72057
72057
72057
72057
72057
72057
72057
72057
72057
72057
72057
72058
72059
72061
72062
72098
72098
72098
72103
72103
72103
72108
72109
72109
72109
72132
72138
72138
72138
72154
72154
72154
72154
72154
72160
72161
72163
72164
72165
72177
72177
72177
72177
72177
72177
72177
72177
72177
72177
72180
72180
72198
72198
72198
72198
72198
72198
72201
72201
72201
72201
72201
72203
72203
72203
72223
72224
72224
72225
72225
72225
72232
72238
72238
72238
72239
72239
72240
72240
72240
72240
72240
72240
72268
72268
72268
72276
72277
72277
72277
72277
72277
72280
72280
72280
72301
72301
72301
72301
72301
72301
72301
72301
72320
72322
72323
72325
72331
72331
72331
72331
72331
72347
72347
72347
72354
72354
72354
72354
72354
72354
72354
72354
72355
72355
72355
72355
72355
72355
72355
72355
72356
72369
72369
72369
72369
72369
72369
72369
72369
72379
72387
72404
72404
72404
72404
72404
72404
72404
72405
72405
72405
72461
72462
72462
72462
72462
72462
72462
72462
72462
72470
72470
72470
72483
72483
72483
72483
72483
72483
72483
72483
72483
72483
72490
72493
72500
72504
72504
72504
72513
72513
72513
72537
72537
72537
72540
72540
72540
72541
72541
72541
72541
72541
72541
72543
72543
72543
72546
72547
72550
72551
72551
72556
72556
72556
72556
72562
72568
72568
72568
72575
72576
72576
72576
72576
72576
72576
72580
72610
72612
72612
72613
72613
72615
72617
72618
72620
72621
72621
72621
72621
72623
72624
72624
72624
72624
72624
72624
72625
72627
72628
72629
72634
72638
72639
72661
72665
72668
72669
72669
72669
72671
72672
72674
72674
72675
72676
72678
72678
72680
72683
72683
72683
72683
72683
72683
72683
72683
72683
72683
72693
72694
72695
72703
72709
72734
72734
72734
72735
72735
72735
72735
72735
72735
72735
72735
72737
72737
72737
72737
72741
72741
72742
72742
72742
72742
72742
72751
72751
72756
72772
72774
72775
72776
72778
72779
72781
72782
72784
72795
72795
72795
72795
72795
72796
72801
72801
72801
72801
72801
72801
72801
72801
72801
72801
72801
72808
72809
72810
72811
72812
72813
72814
72815
72818
72820
72828
72828
72828
72828
72828
72828
72828
72830
72841
72841
72841
72841
72849
72850
72851
72853
72857
72858
72860
72861
72863
72864
72871
72871
72872
72874
72877
72877
72877
72877
72880
72880
72891
72891
72891
72925
72929
72939
72944
72945
72947
72948
72950
72951
72960
72975
72975
72975
72975
72975
72975
72975
72975
72975
72975
72975
72975
72975
72975
72975
72975
72975
72988
72988
72988
72988
72988
72988
72992
72994
72996
72997
72999
73000
73002
73003
73005
73007
73008
73010
73010
73010
73023
73023
73023
73023
73042
73042
73042
73042
73042
73042
73042
73043
73043
73044
73044
73044
73044
73044
73044
73068
73068
73073
73073
73073
73082
73089
73089
73089
73090
73090
73094
73098
73098
73098
73102
73108
73117
73139
73139
73139
73139
73139
73162
73163
73165
73166
73167
73169
73170
73172
73173
73174
73176
73177
73179
73181
73181
73181
73181
73181
73183
73185
73191
73191
73191
73191
73191
73191
73191
73191
73191
73191
73191
73191
73191
73191
73191
73191
73197
73197
73197
73197
73197
73197
73197
73197
73197
73197
73203
73204
73205
73212
73224
73226
73231
73234
73243
73243
73247
73254
73263
73263
73263
73263
73268
73269
73270
73270
73270
73270
73270
73270
73270
73270
73270
73270
73270
73270
73270
73270
73270
73270
73270
73270
73270
73270
73270
73270
73270
73271
73274
73275
73290
73290
73290
73290
73290
73290
73293
73293
73310
73314
73318
73321
73321
73321
73321
73321
73322
73322
73322
73322
73323
73324
73326
73327
73329
73344
73344
73344
73344
73344
73345
73361
73361
73361
73361
73369
73369
73369
73390
73390
73390
73390
73393
73393
73393
73400
73400
73400
73401
73417
73417
73430
73430
73430
73430
73430
73430
73430
73430
73430
73430
73430
73430
73430
73430
73430
73430
73430
73430
73430
73430
73431
73431
73432
73433
73433
73433
73433
73433
73434
73434
73434
73434
73434
73434
73435
73444
73444
73444
73444
73445
73445
73462
73462
73462
73462
73462
73494
73494
73540
73540
73540
73541
73541
73541
73541
73541
73541
73541
73557
73559
73560
73566
73566
73566
73567
73567
73567
73567
73567
73567
73570
73570
73570
73570
73570
73570
73586
73587
73589
73590
73592
73593
73594
73594
73594
73594
73594
73594
73594
73594
73594
73594
73594
73594
73594
73594
73594
73595
73596
73598
73599
73600
73602
73612
73612
73612
73628
73630
73632
73633
73634
73636
73637
73638
73640
73641
73650
73651
73652
73652
73653
73653
73654
73660
73660
73660
73660
73660
73660
73672
73672
73676
73676
73676
73676
73676
73683
73683
73688
73688
73688
73688
73688
73688
73688
73689
73689
73690
73714
73714
73734
73735
73738
73771
73771
73776
73776
73776
73776
73776
73776
73776
73781
73781
73781
73781
73781
73781
73781
73781
73781
73781
73781
73781
73781
73781
73781
73781
73781
73781
73781
73781
73781
73783
73784
73826
73826
73826
73826
73827
73827
73827
73827
73827
73827
73837
73846
73846
73846
73881
73884
73884
73884
73884
73884
73886
73886
73886
73886
73886
73887
73887
73887
73887
73887
73887
73933
73934
73934
73934
73951
73951
73951
73951
73951
73951
73951
73961
73961
73969
73969
73976
73980
73980
73980
73981
73985
73985
73985
73985
73986
73986
73993
73993
73995
73995
73995
73995
73995
73995
73995
74008
74011
74012
74013
74014
74016
74017
74019
74038
74043
74044
74046
74047
74048
74092
74094
74127
74127
74127
74128
74128
74129
74129
74129
74129
74178
74199
74199
74199
74199
74199
74199
74213
74213
74213
74213
74213
74213
74213
74213
74213
74213
74219
74219
74219
74219
74219
74219
74219
74220
74237
74237
74238
74238
74238
74238
74238
74238
74238
74238
74239
74247
74247
74247
74247
74247
74247
74247
74247
74251
74251
74251
74251
74251
74255
74255
74255
74255
74255
74294
74294
74294
74294
74294
74294
74294
74294
74320
74320
74320
74320
74320
74320
74320
74320
74320
74361
74361
74361
74361
74372
74372
74373
74373
74373
74373
74382
74382
74382
74382
74382
74382
74382
74382
74383
74383
74383
74383
74383
74386
74390
74390
74391
74391
74391
74392
74403
74408
74430
74430
74430
74430
74430
74430
74458
74467
74467
74467
74467
74467
74468
74496
74500
74510
74515
74515
74516
74554
74561
74561
74561
74561
74572
74572
74572
74572
74572
74573
74573
74573
74573
74573
74600
74600
74620
74620
74620
74621
74621
74621
74621
74621
74621
74621
74621
74621
74621
74623
74624
74626
74630
74640
74644
74645
74647
74648
74650
74652
74659
74661
74662
74663
74665
74666
74668
74669
74670
74672
74673
74674
74676
74677
74678
74680
74681
74683
74684
74684
74687
74770
74770
74770
74771
74771
74771
74771
74774
74774
74774
74774
74774
74774
74775
74775
74775
74775
74775
74776
74783
74783
74784
74794
74794
74794
74794
74794
74794
74794
74795
74850
74861
74861
74862
74871
74871
74871
74871
74871
74871
74877
74877
74877
74877
74877
74877
74877
74877
74877
74878
74880
74881
74882
74886
74886
74886
74886
74891
74891
74891
74891
74891
74891
74892
74892
74892
74900
74900
74900
74900
74900
74900
74900
74900
74900
74900
74900
74900
74900
74900
74902
74906
74921
74921
74921
74921
74921
74922
74922
74922
74927
74970
74991
74991
74991
74991
74991
74991
74991
74991
74991
74991
74991
74991
74991
74991
74991
74991
74991
74991
74991
74991
74991
75001
75001
75001
75002
75004
75005
75005
75005
75009
75009
75009
75013
75013
75016
75016
75016
75018
75018
75018
75022
75022
75022
75024
75025
75026
75026
75027
75028
75028
75028
75028
75029
75029
75031
75031
75032
75033
75034
75034
75034
75034
75034
75034
75036
75038
75041
75041
75041
75041
75041
75047
75047
75047
75050
75050
75055
75055
75055
75055
75056
75058
75072
75072
75072
75072
75072
75072
75073
75074
75074
75075
75075
75080
75081
75081
75082
75082
75082
75082
75086
75086
75086
75089
75093
75093
75097
75103
75103
75103
75105
75106
75107
75109
75109
75109
75109
75109
75113
75134
75136
75141
75146
75146
75146
75147
75148
75149
75149
75151
75152
75152
75152
75152
75159
75159
75159
75159
75160
75164
75164
75164
75166
75166
75169
75169
75170
75170
75174
75174
75177
75179
75179
75182
75182
75186
75186
75189
75194
75195
75195
75195
75198
75198
75200
75200
75200
75200
75201
75202
75204
75204
75205
75206
75208
75208
75209
75210
75211
75213
75214
75215
75215
75215
75216
75217
75217
75222
75226
75235
75235
75236
75236
75236
75238
75238
75238
75243
75245
75245
75246
75246
75246
75247
75247
75249
75251
75251
75251
75255
75255
75257
75274
75274
75274
75274
75274
75274
75274
75274
75274
75274
75274
75281
75282
75286
75286
75286
75290
75290
75294
75294
75296
75296
75296
75296
75305
75310
75310
75310
75310
75311
75313
75313
75316
75316
75318
75318
75320
75320
75320
75320
75320
75320
75322
75322
75322
75325
75325
75325
75333
75333
75333
75342
75342
75345
75345
75346
75348
75349
75349
75349
75349
75349
75350
75350
75350
75353
75353
75355
75357
75357
75366
75366
75368
75369
75373
75373
75373
75374
75374
75378
75385
75386
75386
75386
75386
75389
75392
75393
75393
75393
75393
75393
75394
75394
75396
75397
75397
75400
75401
75405
75405
75406
75406
75409
75409
75411
75411
75411
75412
75413
75413
75414
75414
75414
75414
75416
75417
75417
75417
75417
75417
75417
75417
75417
75417
75418
75419
75421
75421
75421
75421
75421
75422
75425
75425
75426
75426
75427
75429
75433
75433
75433
75433
75433
75440
75441
75441
75445
75445
75445
75445
75445
75445
75445
75445
75445
75445
75445
75445
75449
75449
75449
75449
75450
75451
75454
75456
75460
75461
75461
75462
75464
75465
75465
75468
75468
75468
75468
75468
75470
75470
75470
75470
75473
75473
75473
75473
75473
75473
75473
75473
75474
75480
75481
75482
75485
75488
75488
75488
75497
75501
75501
75502
75504
75505
75508
75510
75510
75512
75514
75518
75518
75518
75521
75521
75525
75525
75525
75529
75529
75529
75529
75529
75529
75533
75534
75534
75534
75537
75537
75537
75540
75546
75549
75554
75554
75558
75558
75561
75561
75566
75566
75566
75569
75569
75570
75570
75574
75574
75575
75575
75577
75577
75578
75578
75578
75578
75581
75581
75581
75581
75582
75585
75585
75588
75589
75589
75589
75589
75593
75593
75593
75593
75593
75596
75599
75599
75601
75606
75606
75606
75606
75606
75611
75617
75617
75618
75621
75621
75624
75624
75624
75624
75624
75624
75624
75626
75626
75627
75627
75628
75628
75629
75629
75633
75638
75638
75638
75638
75638
75638
75638
75638
75638
75638
75638
75639
75639
75639
75641
75646
75647
75649
75650
75653
75654
75655
75655
75657
75658
75658
75660
75660
75660
75660
75660
75660
75666
75666
75670
75670
75674
75674
75675
75675
75675
75675
75675
75677
75678
75678
75680
75680
75680
75680
75680
75680
75681
75682
75685
75685
75685
75686
75688
75689
75689
75693
75694
75694
75696
75706
75706
75707
75707
75708
75708
75708
75708
75708
75708
75708
75708
75708
75708
75708
75712
75714
75715
75716
75717
75719
75719
75719
75719
75735
75735
75735
75735
75735
75735
75736
75736
75736
75736
75736
75736
75736
75736
75736
75737
75737
75741
75741
75744
75744
75745
75745
75749
75749
75749
75749
75749
75749
75754
75754
75755
75755
75755
75755
75755
75758
75758
75758
75758
75761
75761
75761
75762
75762
75762
75766
75767
75767
75801
75805
75805
75806
75808
75812
75817
75817
75817
75817
75817
75824
75829
75829
75829
75829
75829
75829
75829
75829
75829
75829
75829
75829
75829
75829
75832
75833
75833
75833
75834
75835
75836
75836
75840
75840
75840
75840
75845
75845
75846
75847
75847
75847
75847
75849
75849
75852
75853
75853
75855
75856
75857
75857
75857
75860
75861
75862
75862
75862
75865
75865
75866
75866
75870
75870
75870
75873
75874
75874
75877
75877
75880
75881
75884
75884
75885
75888
75889
75892
75893
75895
75895
75895
75895
75896
75896
75896
75896
75896
75899
75900
75901
75901
75901
75902
75902
75902
75902
75905
75906
75906
75906
75907
75909
75910
75912
75912
75912
75912
75912
75913
75917
75921
75922
75923
75923
75924
75925
75928
75928
75928
75930
75933
75935
75937
75939
75941
75943
75945
75946
75947
75947
75949
75951
75954
75958
75958
75958
75958
75958
75960
75960
75961
75961
75961
75961
75964
75964
75964
75965
75966
75970
75975
75975
75978
75978
75978
75978
75978
75979
75979
75979
75979
75979
75979
75981
75981
75982
75984
75985
75986
75988
75990
75990
75991
75992
75993
75994
75995
75995
75996
75996
75996
75997
75997
75998
76000
76005
76012
76012
76013
76014
76016
76017
76019
76021
76023
76024
76026
76027
76027
76028
76028
76033
76036
76039
76039
76039
76039
76039
76040
76040
76040
76040
76044
76046
76047
76047
76047
76047
76047
76047
76050
76050
76050
76050
76050
76050
76052
76053
76053
76054
76054
76056
76056
76056
76058
76058
76061
76062
76062
76064
76064
76064
76066
76066
76068
76074
76074
76074
76074
76076
76076
76080
76080
76080
76081
76084
76084
76084
76085
76093
76093
76095
76095
76095
76096
76108
76108
76111
76111
76111
76111
76111
76111
76111
76111
76112
76113
76113
76113
76116
76146
76148
76149
76150
76153
76157
76157
76161
76161
76166
76166
76168
76168
76168
76169
76169
76169
76169
76173
76173
76177
76177
76177
76177
76179
76181
76181
76181
76181
76181
76181
76182
76182
76185
76185
76185
76185
76188
76197
76197
76197
76201
76201
76201
76205
76209
76209
76212
76213
76214
76214
76214
76214
76214
76214
76214
76214
76215
76215
76215
76215
76215
76215
76215
76215
76215
76215
76215
76215
76215
76215
76215
76215
76215
76217
76217
76219
76221
76221
76222
76222
76223
76225
76225
76225
76226
76227
76228
76233
76245
76250
76251
76253
76255
76257
76257
76257
76257
76258
76260
76261
76265
76267
76267
76270
76270
76276
76276
76277
76277
76277
76278
76278
76278
76278
76278
76285
76290
76290
76293
76298
76298
76301
76301
76302
76302
76307
76307
76316
76321
76323
76323
76325
76325
76325
76328
76329
76329
76345
76353
76358
76358
76358
76371
76372
76372
76372
76372
76372
76375
76375
76375
76376
76376
76376
76378
76378
76386
76386
76389
76389
76393
76397
76398
76401
76401
76405
76405
76406
76408
76409
76413
76413
76417
76417
76419
76419
76420
76422
76422
76425
76425
76427
76429
76429
76431
76432
76432
76437
76437
76439
76441
76441
76443
76445
76445
76445
76446
76446
76446
76446
76446
76446
76446
76446
76449
76450
76450
76453
76453
76456
76457
76457
76461
76461
76465
76465
76465
76465
76465
76465
76469
76469
76473
76473
76475
76476
76480
76484
76484
76484
76484
76484
76489
76489
76490
76490
76490
76493
76500
76500
76500
76500
76500
76500
76505
76505
76509
76510
76511
76511
76511
76511
76512
76512
76512
76513
76513
76517
76517
76518
76518
76518
76521
76521
76522
76522
76522
76525
76525
76526
76526
76526
76529
76529
76529
76529
76530
76533
76533
76534
76534
76534
76537
76537
76537
76540
76540
76540
76540
76541
76541
76541
76541
76541
76541
76542
76542
76542
76542
76542
76543
76543
76544
76545
76546
76549
76553
76553
76555
76557
76561
76561
76565
76569
76569
76571
76571
76572
76572
76574
76574
76575
76575
76575
76576
76576
76577
76577
76578
76578
76581
76581
76581
76585
76585
76585
76585
76586
76586
76586
76586
76586
76586
76586
76587
76587
76589
76589
76590
76590
76596
76598
76598
76598
76601
76604
76605
76605
76609
76609
76613
76613
76617
76617
76618
76619
76619
76619
76620
76620
76620
76620
76620
76620
76621
76626
76626
76626
76626
76626
76626
76626
76626
76626
76626
76627
76627
76628
76630
76630
76635
76635
76635
76637
76638
76638
76638
76638
76638
76638
76638
76638
76641
76641
76643
76643
76645
76646
76646
76646
76648
76649
76652
76653
76656
76657
76657
76657
76658
76658
76660
76661
76661
76662
76663
76663
76663
76664
76665
76665
76666
76666
76666
76666
76666
76666
76666
76667
76667
76667
76667
76667
76667
76667
76667
76667
76667
76667
76667
76667
76668
76669
76670
76670
76672
76675
76675
76676
76676
76676
76677
76678
76678
76681
76682
76684
76685
76686
76686
76686
76687
76687
76687
76687
76688
76688
76690
76690
76693
76694
76694
76694
76694
76701
76701
76701
76701
76704
76705
76706
76706
76706
76706
76706
76708
76708
76708
76709
76709
76709
76713
76715
76715
76716
76716
76716
76716
76717
76717
76718
76718
76718
76722
76726
76726
76727
76727
76727
76727
76738
76738
76738
76739
76739
76742
76742
76746
76746
76746
76749
76751
76751
76754
76754
76756
76758
76758
76762
76762
76762
76762
76765
76765
76766
76766
76766
76766
76766
76766
76766
76768
76773
76773
76773
76774
76774
76775
76777
76777
76778
76778
76781
76781
76782
76782
76782
76782
76782
76782
76782
76782
76783
76785
76785
76797
76797
76801
76804
76804
76805
76806
76806
76809
76811
76816
76816
76816
76816
76817
76817
76821
76821
76824
76828
76830
76833
76833
76835
76837
76839
76839
76839
76839
76839
76840
76841
76844
76844
76851
76855
76855
76855
76855
76855
76856
76857
76858
76862
76864
76864
76864
76864
76865
76866
76867
76867
76868
76868
76868
76868
76868
76868
76868
76868
76868
76868
76868
76868
76868
76869
76870
76872
76876
76881
76881
76882
76886
76886
76888
76889
76893
76893
76893
76893
76901
76901
76907
76907
76907
76907
76907
76913
76913
76915
76917
76918
76919
76922
76922
76923
76923
76923
76925
76925
76925
76928
76928
76928
76928
76935
76935
76935
76935
76937
76941
76942
76942
76942
76946
76946
76946
76950
76950
76952
76952
76952
76958
76958
76962
76962
76962
76966
76967
76970
76970
76974
76993
76997
77000
77001
77005
77005
77007
77007
77007
77007
77009
77013
77021
77021
77024
77033
77033
77037
77040
77053
77055
77055
77056
77057
77057
77063
77063
77063
77063
77063
77066
77071
77072
77074
77074
77074
77074
77077
77081
77082
77082
77085
77085
77087
77088
77089
77089
77089
77090
77090
77092
77092
77097
77099
77102
77104
77108
77109
77109
77109
77109
77109
77109
77109
77109
77113
77113
77113
77113
77113
77114
77115
77115
77115
77115
77121
77126
77127
77127
77128
77128
77129
77129
77129
77129
77129
77129
77129
77132
77136
77140
77147
77147
77149
77151
77151
77153
77162
77162
77162
77166
77166
77168
77169
77169
77169
77169
77169
77169
77170
77170
77171
77171
77171
77171
77174
77174
77177
77177
77177
77177
77178
77178
77178
77178
77178
77178
77178
77180
77181
77181
77181
77181
77181
77182
77182
77182
77186
77188
77188
77188
77193
77193
77196
77197
77200
77201
77203
77203
77203
77204
77204
77204
77204
77204
77207
77207
77210
77212
77214
77214
77216
77217
77217
77220
77221
77221
77221
77221
77223
77223
77223
77224
77224
77224
77224
77224
77224
77225
77230
77230
77230
77230
77230
77230
77230
77230
77230
77231
77233
77237
77237
77237
77241
77241
77241
77241
77241
77241
77241
77242
77242
77242
77242
77242
77242
77242
77245
77248
77249
77249
77249
77249
77249
77257
77259
77259
77259
77259
77261
77261
77264
77264
77265
77265
77268
77270
77270
77270
77273
77276
77281
77281
77285
77285
77285
77288
77289
77290
77294
77294
77295
77295
77295
77295
77295
77296
77297
77297
77297
77298
77301
77302
77302
77305
77307
77307
77309
77310
77310
77324
77324
77329
77329
77330
77332
77332
77337
77337
77337
77341
77341
77342
77343
77343
77344
77344
77345
77346
77346
77347
77348
77348
77350
77350
77351
77351
77353
77353
77353
77353
77356
77363
77364
77364
77364
77364
77364
77364
77366
77368
77369
77370
77373
77374
77375
77377
77379
77379
77379
77383
77384
77385
77387
77387
77387
77392
77392
77392
77392
77392
77392
77393
77393
77393
77393
77394
77398
77398
77398
77399
77400
77400
77402
77405
77407
77407
77407
77407
77407
77409
77412
77416
77417
77421
77421
77421
77421
77421
77421
77421
77421
77421
77421
77421
77422
77422
77422
77422
77425
77425
77427
77430
77431
77433
77434
77436
77436
77438
77438
77442
77442
77442
77442
77442
77445
77445
77446
77446
77446
77446
77447
77450
77450
77454
77454
77454
77458
77458
77462
77462
77466
77467
77467
77469
77473
77473
77474
77476
77478
77478
77481
77481
77482
77482
77485
77485
77489
77489
77491
77491
77491
77493
77493
77493
77497
77497
77497
77498
77498
77500
77501
77501
77501
77502
77505
77507
77513
77513
77513
77513
77513
77513
77513
77516
77517
77518
77518
77518
77518
77520
77521
77521
77521
77526
77526
77528
77530
77530
77532
77533
77533
77533
77534
77537
77545
77549
77550
77550
77551
77553
77553
77556
77556
77557
77557
77564
77569
77573
77573
77577
77580
77581
77582
77582
77582
77582
77582
77582
77583
77585
77585
77585
77585
77585
77585
77588
77592
77592
77592
77593
77594
77594
77594
77594
77594
77596
77598
77598
77600
77602
77602
77604
77605
77605
77606
77606
77607
77607
77607
77607
77608
77609
77613
77613
77613
77613
77614
77614
77616
77617
77617
77617
77617
77617
77617
77618
77625
77626
77626
77626
77630
77630
77632
77632
77633
77637
77638
77639
77639
77641
77641
77641
77648
77649
77655
77655
77655
77656
77656
77657
77657
77670
77670
77670
77670
77671
77671
77671
77671
77675
77678
77678
77678
77681
77681
77685
77686
77686
77686
77687
77687
77690
77690
77693
77693
77694
77694
77697
77697
77703
77703
77703
77703
77708
77709
77709
77709
77709
77714
77714
77714
77715
77717
77726
77727
77728
77734
77735
77737
77737
77739
77739
77739
77739
77739
77739
77739
77740
77741
77742
77753
77755
77755
77755
77755
77755
77755
77757
77757
77758
77758
77758
77758
77759
77761
77762
77762
77765
77765
77766
77766
77768
77768
77768
77769
77769
77770
77771
77774
77774
77776
77776
77778
77778
77781
77782
77785
77788
77788
77788
77796
77799
77799
77799
77799
77799
77799
77799
77799
77799
77799
77799
77799
77806
77808
77809
77809
77809
77812
77817
77817
77818
77821
77828
77828
77840
77840
77860
77860
77860
77860
77860
77866
77866
77866
77870
77870
77870
77873
77877
77877
77878
77878
77878
77878
77878
77881
77888
77897
77897
77897
77897
77897
77904
77907
77907
77917
77918
77919
77919
77919
77919
77919
77920
77920
77920
77920
77920
77920
77921
77925
77925
77925
77926
77929
77929
77929
77929
77929
77930
77930
77933
77933
77933
77937
77937
77937
77937
77942
77942
77942
77942
77943
77943
77943
77943
77943
77943
77947
77948
77948
77948
77948
77949
77949
77950
77950
77950
77950
77950
77950
77950
77953
77953
77954
77954
77954
77957
77958
77958
77958
77961
77961
77961
77961
77962
77964
77965
77966
77966
77971
77971
77971
77971
77973
77974
77974
77974
77975
77975
77975
77975
77975
77975
77975
77975
77975
77975
77975
77975
77975
77976
77976
77976
77977
77981
77981
77982
77982
77982
77982
77982
77982
77984
77985
77994
77995
78000
78000
78004
78011
78012
78017
78018
78018
78018
78020
78025
78025
78025
78025
78028
78029
78029
78030
78039
78040
78040
78040
78040
78045
78047
78047
78049
78053
78053
78054
78057
78057
78057
78058
78058
78058
78058
78062
78062
78062
78062
78062
78064
78065
78065
78065
78066
78069
78069
78069
78069
78069
78073
78073
78074
78076
78078
78078
78078
78081
78081
78082
78082
78084
78084
78085
78086
78086
78087
78088
78088
78088
78089
78093
78093
78094
78094
78095
78096
78096
78096
78097
78105
78107
78107
78108
78112
78112
78112
78112
78112
78112
78112
78112
78113
78113
78113
78113
78116
78118
78120
78121
78126
78127
78127
78128
78129
78131
78131
78135
78137
78137
78141
78144
78145
78145
78145
78145
78145
78147
78147
78147
78147
78149
78149
78149
78152
78152
78152
78153
78153
78154
78157
78157
78158
78161
78165
78165
78166
78167
78167
78167
78167
78167
78167
78167
78167
78167
78167
78167
78167
78167
78167
78167
78173
78174
78176
78176
78176
78178
78179
78184
78184
78185
78189
78190
78193
78193
78194
78197
78200
78200
78201
78205
78205
78206
78207
78207
78207
78207
78207
78209
78209
78210
78210
78212
78212
78212
78212
78212
78212
78212
78213
78213
78215
78216
78216
78216
78216
78216
78216
78217
78217
78218
78218
78218
78218
78220
78221
78222
78223
78223
78223
78223
78225
78226
78228
78228
78228
78229
78233
78233
78236
78236
78238
78238
78240
78241
78241
78241
78241
78241
78241
78241
78241
78247
78247
78247
78247
78247
78248
78249
78249
78249
78249
78249
78250
78253
78254
78254
78271
78271
78271
78271
78271
78271
78271
78272
78272
78272
78276
78276
78285
78285
78286
78286
78289
78289
78289
78292
78293
78294
78294
78294
78297
78298
78298
78298
78302
78302
78303
78303
78303
78303
78305
78306
78306
78307
78308
78308
78308
78308
78308
78308
78308
78309
78309
78310
78310
78316
78316
78316
78318
78318
78321
78321
78322
78322
78325
78325
78326
78329
78329
78333
78333
78333
78337
78337
78345
78345
78346
78346
78346
78346
78346
78346
78346
78346
78347
78347
78347
78347
78347
78347
78348
78349
78349
78350
78350
78350
78350
78352
78352
78355
78355
78357
78357
78357
78357
78364
78367
78367
78367
78367
78367
78367
78369
78369
78370
78370
78370
78370
78374
78374
78374
78375
78377
78382
78382
78382
78382
78386
78386
78386
78386
78387
78387
78387
78388
78388
78388
78388
78393
78393
78393
78393
78398
78398
78398
78398
78398
78399
78401
78401
78401
78409
78413
78413
78415
78416
78416
78417
78417
78418
78421
78421
78421
78421
78427
78427
78427
78428
78428
78430
78430
78432
78432
78439
78439
78439
78439
78439
78439
78439
78439
78439
78445
78445
78447
78447
78447
78447
78453
78453
78453
78453
78453
78453
78453
78453
78453
78453
78454
78454
78454
78454
78454
78454
78454
78454
78454
78457
78457
78458
78459
78459
78462
78462
78463
78463
78467
78467
78468
78468
78468
78468
78469
78469
78470
78470
78472
78472
78473
78473
78473
78477
78477
78481
78481
78481
78481
78481
78481
78481
78481
78481
78488
78489
78492
78494
78494
78494
78497
78497
78498
78498
78500
78500
78500
78500
78500
78501
78504
78508
78509
78514
78514
78514
78514
78517
78517
78517
78517
78517
78517
78517
78518
78518
78525
78529
78529
78529
78532
78532
78533
78534
78537
78538
78538
78538
78541
78541
78543
78545
78545
78546
78546
78549
78549
78553
78553
78559
78559
78565
78565
78569
78574
78577
78580
78580
78580
78582
78582
78584
78584
78584
78586
78586
78586
78587
78588
78590
78590
78590
78591
78593
78594
78594
78594
78595
78598
78599
78599
78601
78602
78602
78605
78605
78605
78605
78605
78605
78605
78609
78609
78613
78613
78613
78617
78617
78618
78618
78621
78624
78626
78633
78633
78636
78637
78638
78638
78638
78638
78639
78640
78657
78660
78664
78665
78672
78673
78675
78675
78675
78675
78675
78675
78676
78677
78678
78678
78678
78681
78682
78682
78684
78685
78686
78686
78686
78688
78689
78690
78690
78690
78690
78690
78690
78690
78690
78690
78690
78690
78690
78690
78690
78692
78693
78694
78694
78694
78694
78694
78695
78697
78697
78698
78698
78701
78703
78704
78705
78706
78706
78706
78706
78707
78709
78709
78709
78710
78711
78711
78713
78713
78713
78713
78714
78715
78715
78715
78715
78716
78716
78716
78716
78716
78717
78717
78718
78718
78721
78721
78725
78725
78725
78725
78726
78729
78729
78729
78733
78742
78742
78745
78745
78745
78749
78749
78750
78750
78751
78753
78757
78761
78762
78762
78762
78763
78765
78765
78766
78769
78769
78770
78773
78777
78777
78777
78777
78777
78781
78785
78785
78786
78787
78788
78788
78789
78789
78793
78796
78796
78797
78797
78801
78801
78805
78805
78810
78810
78810
78810
78813
78813
78814
78817
78817
78818
78818
78821
78821
78822
78823
78825
78829
78830
78831
78831
78837
78837
78842
78843
78845
78845
78846
78847
78848
78848
78849
78850
78850
78850
78850
78850
78850
78850
78850
78851
78852
78852
78853
78853
78854
78854
78856
78860
78860
78860
78861
78863
78864
78866
78867
78869
78870
78871
78874
78874
78875
78875
78878
78878
78878
78879
78879
78885
78885
78885
78886
78886
78889
78889
78890
78897
78897
78898
78907
78907
78907
78909
78916
78920
78920
78920
78927
78927
78927
78927
78928
78928
78928
78930
78931
78932
78934
78935
78937
78937
78938
78940
78940
78940
78941
78941
78941
78941
78942
78942
78942
78942
78943
78943
78943
78943
78943
78943
78943
78944
78944
78944
78944
78944
78944
78944
78945
78945
78945
78945
78945
78945
78945
78946
78946
78946
78946
78946
78947
78947
78949
78951
78952
78952
78952
78952
78952
78953
78955
78956
78958
78959
78959
78959
78960
78960
78960
78962
78963
78965
78966
78966
78967
78967
78969
78969
78969
78969
78969
78971
78973
78973
78975
78976
78978
78978
78978
78979
78979
78983
78983
78983
78986
78986
78988
79001
79001
79001
79002
79003
79003
79004
79004
79004
79004
79005
79005
79009
79009
79009
79010
79012
79016
79018
79018
79018
79020
79024
79027
79027
79027
79027
79027
79027
79028
79028
79028
79028
79029
79029
79030
79033
79033
79033
79037
79037
79037
79037
79039
79039
79039
79039
79041
79041
79044
79044
79044
79044
79048
79048
79048
79057
79057
79058
79058
79058
79058
79058
79061
79061
79062
79062
79064
79067
79067
79067
79068
79068
79068
79070
79070
79072
79072
79073
79073
79073
79073
79073
79078
79078
79078
79080
79087
79087
79087
79087
79090
79094
79096
79098
79098
79098
79098
79098
79099
79100
79105
79113
79113
79113
79113
79114
79114
79114
79114
79114
79117
79121
79121
79122
79123
79124
79128
79128
79131
79131
79131
79132
79132
79132
79132
79132
79132
79133
79133
79134
79136
79136
79137
79138
79138
79142
79145
79145
79146
79150
79152
79154
79154
79154
79155
79161
79162
79162
79163
79163
79164
79166
79168
79168
79169
79169
79169
79173
79173
79173
79174
79176
79178
79178
79178
79178
79178
79181
79181
79181
79191
79191
79196
79196
79205
79205
79205
79206
79206
79210
79211
79214
79214
79214
79215
79219
79219
79219
79219
79219
79219
79219
79219
79219
79219
79219
79219
79219
79221
79221
79224
79225
79228
79228
79228
79228
79229
79229
79232
79232
79232
79233
79233
79236
79236
79237
79237
79237
79238
79240
79242
79242
79242
79244
79244
79244
79245
79249
79249
79249
79249
79249
79249
79252
79253
79254
79256
79257
79257
79261
79261
79264
79265
79265
79267
79270
79270
79270
79270
79270
79270
79271
79272
79273
79273
79274
79275
79275
79276
79277
79277
79277
79277
79279
79281
79283
79283
79283
79283
79286
79293
79293
79293
79293
79307
79309
79309
79309
79313
79318
79318
79318
79324
79324
79324
79327
79327
79327
79327
79327
79327
79327
79328
79328
79333
79334
79334
79334
79334
79334
79338
79338
79338
79348
79348
79348
79348
79348
79348
79349
79353
79353
79353
79353
79353
79354
79354
79354
79354
79354
79354
79354
79354
79354
79354
79354
79354
79355
79357
79357
79357
79357
79361
79365
79365
79375
79375
79379
79379
79381
79381
79381
79386
79386
79389
79389
79394
79400
79409
79409
79409
79409
79413
79413
79413
79415
79415
79415
79415
79415
79416
79417
79417
79421
79421
79421
79427
79427
79435
79435
79442
79451
79451
79452
79452
79452
79452
79452
79453
79458
79458
79459
79459
79459
79459
79459
79459
79460
79461
79463
79463
79463
79465
79465
79465
79465
79465
79465
79466
79466
79466
79466
79466
79466
79466
79466
79466
79466
79466
79466
79466
79466
79466
79466
79466
79466
79466
79466
79471
79471
79471
79471
79472
79472
79472
79472
79472
79472
79472
79472
79476
79476
79476
79476
79476
79478
79478
79478
79478
79478
79479
79479
79479
79482
79485
79486
79486
79488
79489
79490
79495
79495
79500
79501
79502
79503
79503
79503
79503
79505
79505
79505
79505
79505
79505
79505
79505
79506
79512
79512
79513
79514
79515
79517
79517
79517
79517
79517
79517
79517
79518
79518
79518
79518
79518
79518
79518
79518
79518
79518
79518
79518
79519
79524
79524
79524
79524
79524
79524
79527
79527
79527
79527
79527
79527
79529
79535
79535
79535
79535
79541
79541
79541
79541
79541
79541
79541
79541
79541
79542
79545
79545
79545
79545
79545
79545
79545
79545
79545
79545
79545
79545
79545
79545
79545
79545
79546
79546
79548
79553
79553
79557
79557
79557
79557
79557
79557
79558
79558
79558
79558
79561
79561
79563
79564
79564
79564
79564
79564
79564
79564
79564
79564
79566
79566
79567
79569
79569
79571
79571
79571
79571
79571
79573
79573
79573
79575
79575
79575
79576
79577
79577
79579
79579
79581
79581
79583
79583
79583
79583
79583
79583
79585
79585
79585
79587
79587
79587
79589
79589
79591
79591
79591
79591
79591
79591
79591
79591
79593
79593
79593
79593
79593
79593
79593
79597
79597
79597
79597
79600
79600
79601
79601
79603
79603
79606
79606
79606
79608
79608
79608
79608
79608
79608
79609
79609
79614
79614
79614
79614
79615
79617
79618
79618
79618
79626
79627
79629
79629
79629
79633
79633
79637
79637
79637
79639
79639
79639
79641
79645
79648
79648
79648
79648
79648
79648
79650
79650
79650
79654
79654
79654
79654
79657
79657
79658
79658
79658
79659
79661
79661
79662
79662
79665
79665
79666
79666
79670
79670
79673
79673
79677
79681
79681
79682
79682
79687
79687
79687
79687
79690
79690
79690
79690
79690
79694
79694
79694
79694
79694
79694
79697
79697
79697
79697
79697
79697
79697
79697
79697
79697
79701
79701
79701
79702
79702
79706
79706
79706
79706
79710
79710
79713
79713
79714
79714
79715
79715
79715
79717
79719
79719
79721
79721
79721
79721
79722
79722
79723
79725
79726
79726
79727
79727
79727
79727
79727
79727
79727
79727
79727
79729
79730
79730
79731
79732
79733
79734
79734
79738
79738
79738
79740
79742
79742
79742
79745
79746
79746
79748
79748
79750
79750
79751
79752
79753
79754
79754
79754
79754
79755
79755
79758
79758
79762
79762
79762
79764
79764
79767
79767
79767
79767
79767
79769
79770
79770
79770
79770
79774
79774
79774
79775
79775
79775
79775
79775
79782
79782
79787
79787
79789
79791
79791
79791
79793
79798
79798
79800
79800
79803
79803
79805
79810
79810
79815
79815
79820
79821
79821
79824
79824
79827
79827
79829
79830
79830
79837
79839
79839
79839
79839
79839
79839
79839
79839
79839
79840
79842
79842
79842
79843
79843
79843
79844
79844
79844
79844
79846
79846
79849
79849
79849
79850
79850
79852
79854
79854
79856
79856
79857
79859
79859
79859
79859
79861
79861
79863
79863
79863
79863
79863
79864
79865
79865
79867
79867
79867
79867
79869
79869
79870
79870
79870
79872
79874
79874
79876
79877
79877
79877
79877
79879
79879
79879
79879
79881
79881
79884
79886
79886
79889
79889
79889
79892
79894
79894
79894
79896
79901
79901
79904
79904
79908
79909
79909
79909
79910
79912
79912
79914
79914
79916
79921
79921
79922
79928
79929
79929
79929
79933
79933
79933
79935
79936
79936
79936
79941
79942
79942
79943
79943
79943
79945
79946
79946
79946
79951
79951
79952
79954
79956
79957
79957
79957
79957
79957
79971
79972
79973
79974
79975
79976
79977
79978
79979
79980
79981
79982
79983
79983
79983
79983
79984
79984
79984
79984
79984
79984
79985
80018
80044
80045
80045
80045
80048
80049
80049
80049
80049
80049
80084
80084
80084
80085
80085
80095
80095
80095
80095
80095
80096
80096
80096
80096
80096
80096
80097
80097
80097
80097
80097
80097
80098
80109
80119
80119
80119
80119
80119
80119
80119
80129
80131
80132
80144
80144
80144
80144
80144
80144
80144
80144
80144
80145
80153
80153
80153
80153
80153
80153
80167
80167
80167
80227
80227
80227
80227
80228
80240
80261
80277
80277
80278
80278
80278
80278
80287
80287
80287
80287
80287
80287
80288
80289
80290
80290
80290
80290
80290
80290
80290
80290
80290
80290
80291
80291
80291
80291
80291
80292
80292
80292
80294
80295
80297
80298
80300
80301
80303
80304
80306
80307
80309
80310
80311
80312
80312
80314
80338
80339
80341
80343
80344
80346
80346
80348
80348
80348
80349
80351
80360
80362
80363
80364
80364
80364
80364
80364
80364
80364
80364
80364
80364
80364
80364
80364
80365
80365
80365
80366
80368
80370
80371
80373
80375
80376
80377
80378
80378
80378
80378
80378
80379
80380
80380
80382
80383
80385
80386
80389
80390
80391
80391
80392
80393
80394
80395
80409
80409
80409
80409
80415
80415
80415
80415
80415
80416
80416
80416
80416
80416
80417
80419
80420
80422
80422
80422
80422
80422
80422
80422
80422
80430
80432
80450
80464
80464
80477
80477
80477
80478
80478
80478
80478
80478
80487
80498
80498
80498
80505
80505
80505
80505
80505
80505
80505
80505
80505
80505
80505
80505
80505
80505
80524
80524
80525
80525
80525
80525
80525
80525
80525
80525
80525
80525
80525
80525
80525
80525
80544
80545
80545
80545
80545
80545
80546
80546
80562
80564
80565
80567
80568
80569
80592
80592
80592
80592
80592
80592
80608
80618
80619
80621
80622
80624
80626
80626
80627
80627
80627
80627
80627
80627
80627
80627
80627
80627
80627
80627
80627
80627
80627
80627
80634
80635
80635
80635
80636
80650
80650
80650
80650
80650
80650
80650
80650
80650
80650
80650
80650
80650
80650
80650
80661
80661
80661
80661
80661
80661
80681
80681
80681
80681
80681
80682
80683
80685
80687
80688
80717
80730
80731
80731
80731
80731
80731
80736
80739
80739
80739
80743
80748
80748
80748
80748
80748
80748
80748
80748
80748
80752
80753
80755
80756
80756
80756
80756
80756
80757
80759
80761
80761
80761
80761
80762
80762
80762
80762
80762
80762
80762
80763
80768
80768
80773
80773
80780
80780
80780
80780
80781
80781
80781
80781
80781
80781
80782
80782
80793
80793
80793
80793
80793
80793
80793
80793
80793
80800
80804
80804
80804
80804
80804
80804
80804
80804
80804
80804
80804
80804
80804
80804
80804
80804
80810
80815
80819
80819
80819
80819
80819
80830
80837
80837
80850
80850
80850
80861
80881
80881
80881
80891
80891
80900
80900
80900
80900
80911
80911
80911
80916
80916
80916
80920
80925
80931
80931
80931
80931
80931
80931
80931
80931
80931
80933
80933
80933
80934
80934
80934
80934
80942
80942
80943
80944
80944
80944
80944
80944
80944
80944
80944
80944
80944
80944
80944
80944
80944
80944
80944
80944
80944
80944
80944
80944
80944
80944
80944
80944
80944
80944
80952
80952
80952
80952
80952
80954
80954
80957
80957
80957
80957
80957
80957
80960
80960
80960
80960
80961
80961
80961
80961
80961
80961
80961
80961
80961
80971
80971
80991
80991
80992
80992
80992
80993
80993
80993
80994
80994
80995
80995
81035
81035
81036
81041
81050
81057
81057
81057
81057
81057
81057
81057
81059
81071
81073
81074
81082
81082
81083
81083
81083
81083
81083
81083
81083
81083
81083
81083
81083
81083
81083
81084
81084
81087
81087
81087
81087
81087
81090
81090
81090
81090
81091
81091
81091
81093
81093
81094
81094
81094
81097
81097
81097
81097
81097
81097
81097
81097
81097
81098
81098
81098
81098
81099
81101
81102
81102
81102
81102
81103
81104
81106
81109
81110
81111
81112
81114
81115
81118
81118
81118
81118
81118
81118
81125
81125
81125
81129
81134
81137
81141
81141
81142
81142
81142
81142
81142
81142
81143
81143
81143
81143
81145
81145
81145
81145
81149
81149
81153
81153
81157
81157
81161
81165
81173
81188
81199
81199
81199
81199
81199
81199
81199
81199
81199
81199
81199
81199
81199
81199
81201
81202
81205
81210
81210
81222
81222
81222
81222
81222
81222
81223
81223
81225
81258
81258
81258
81263
81263
81263
81263
81267
81267
81267
81267
81267
81267
81267
81267
81267
81267
81267
81267
81267
81276
81278
81278
81278
81278
81279
81279
81279
81279
81286
81288
81289
81289
81289
81289
81289
81289
81289
81289
81290
81290
81290
81290
81290
81290
81290
81290
81290
81291
81291
81291
81327
81327
81327
81327
81327
81327
81327
81327
81328
81328
81329
81330
81331
81331
81332
81333
81333
81333
81333
81334
81334
81335
81339
81339
81339
81341
81360
81360
81360
81360
81398
81403
81403
81403
81403
81403
81403
81403
81403
81403
81403
81403
81403
81403
81403
81403
81403
81403
81403
81404
81404
81404
81415
81415
81418
81427
81427
81427
81427
81427
81427
81428
81428
81428
81428
81428
81428
81428
81429
81430
81432
81433
81435
81435
81437
81448
81461
81461
81461
81461
81461
81527
81527
81527
81527
81527
81527
81527
81527
81537
81537
81537
81537
81537
81537
81538
81538
81538
81538
81538
81539
81539
81546
81546
81546
81546
81546
81546
81560
81560
81560
81560
81560
81561
81561
81562
81563
81565
81566
81567
81569
81570
81572
81573
81574
81576
81577
81577
81577
81577
81577
81577
81577
81594
81595
81595
81595
81595
81595
81595
81595
81595
81596
81597
81599
81600
81602
81604
81605
81606
81607
81608
81610
81611
81611
81611
81611
81611
81612
81616
81616
81621
81621
81621
81621
81621
81621
81631
81632
81634
81635
81636
81636
81636
81650
81650
81650
81652
81652
81652
81652
81652
81653
81653
81653
81653
81653
81653
81653
81653
81653
81653
81653
81653
81653
81655
81661
81661
81661
81667
81667
81667
81667
81667
81667
81667
81678
81678
81679
81697
81697
81697
81697
81697
81697
81697
81697
81697
81697
81697
81697
81697
81717
81717
81717
81717
81717
81717
81717
81717
81717
81717
81717
81717
81718
81718
81718
81718
81725
81725
81725
81725
81729
81730
81730
81730
81730
81731
81752
81752
81752
81752
81760
81760
81760
81761
81761
81761
81761
81761
81764
81764
81764
81764
81764
81764
81765
81765
81765
81765
81766
81766
81766
81766
81770
81770
81770
81770
81774
81774
81774
81774
81774
81780
81780
81780
81781
81781
81804
81814
81828
81828
81859
81859
81859
81859
81859
81859
81859
81861
81870
81890
81899
81899
81899
81899
81899
81903
81903
81904
81904
81904
81920
81922
81937
81937
81937
81952
81952
81952
81953
81953
81953
81953
81953
81953
81953
81953
81953
81953
81953
81953
81953
81953
81953
81953
81953
81953
81953
81953
81953
81953
81953
81960
81960
81973
81973
81986
81986
81988
81988
81988
81988
81992
81992
81992
81993
81993
81993
81993
81993
81993
81993
81993
81993
81993
81993
81993
81993
81999
81999
81999
82001
82001
82001
82001
82001
82001
82001
82005
82005
82005
82005
82021
82022
82022
82022
82022
82022
82029
82032
82043
82054
82055
82055
82055
82055
82055
82055
82055
82057
82060
82060
82064
82071
82071
82071
82079
82079
82079
82080
82083
82083
82084
82084
82087
82087
82089
82101
82101
82108
82108
82108
82108
82108
82109
82109
82109
82110
82110
82110
82110
82110
82110
82117
82118
82118
82119
82122
82122
82122
82122
82122
82122
82122
82138
82138
82144
82144
82145
82145
82145
82145
82145
82150
82151
82151
82154
82154
82154
82161
82166
82166
82166
82166
82166
82166
82167
82171
82171
82171
82171
82171
82171
82172
82172
82172
82172
82172
82172
82173
82173
82173
82173
82174
82175
82176
82177
82178
82179
82180
82181
82182
82183
82183
82183
82183
82183
82183
82183
82183
82183
82183
82183
82184
82184
82184
82184
82185
82185
82186
82187
82196
82196
82196
82205
82233
82248
82250
82266
82273
82302
82306
82309
82311
82311
82311
82312
82312
82312
82312
82313
82313
82313
82313
82313
82313
82313
82314
82314
82314
82314
82314
82314
82315
82315
82315
82315
82315
82315
82316
82316
82322
82323
82324
82324
82326
82327
82328
82330
82345
82346
82346
82346
82346
82346
82346
82346
82347
82348
82349
82353
82360
82361
82361
82367
82367
82370
82373
82373
82407
82414
82414
82414
82414
82414
82414
82414
82414
82414
82414
82414
82415
82415
82415
82415
82415
82415
82415
82415
82415
82415
82415
82416
82416
82423
82427
82427
82427
82427
82440
82449
82449
82449
82449
82456
82456
82456
82461
82464
82466
82467
82472
82472
82472
82480
82487
82487
82487
82487
82487
82487
82487
82488
82490
82496
82500
82500
82501
82507
82510
82510
82530
82532
82532
82533
82539
82539
82545
82546
82551
82551
82551
82558
82558
82558
82559
82559
82559
82559
82564
82564
82564
82564
82564
82564
82564
82564
82571
82571
82571
82571
82571
82573
82574
82588
82588
82588
82588
82588
82589
82589
82589
82620
82622
82622
82622
82622
82623
82623
82623
82623
82623
82623
82623
82623
82623
82623
82623
82623
82623
82623
82623
82623
82625
82639
82639
82639
82639
82639
82639
82639
82640
82643
82644
82644
82644
82644
82648
82648
82648
82656
82657
82657
82657
82663
82663
82663
82669
82669
82669
82669
82669
82669
82669
82669
82680
82680
82680
82680
82682
82682
82682
82682
82682
82683
82683
82683
82683
82683
82683
82683
82686
82686
82686
82686
82686
82686
82686
82687
82688
82688
82688
82693
82693
82693
82693
82693
82693
82693
82693
82693
82693
82695
82700
82700
82700
82700
82700
82700
82706
82706
82710
82710
82716
82716
82716
82716
82717
82717
82717
82720
82720
82722
82722
82722
82722
82722
82722
82726
82730
82734
82734
82734
82737
82738
82740
82741
82742
82742
82743
82744
82745
82747
82749
82754
82761
82761
82765
82766
82770
82770
82770
82770
82771
82771
82771
82771
82771
82772
82772
82774
82775
82776
82777
82778
82778
82778
82779
82780
82782
82783
82785
82786
82787
82789
82790
82792
82793
82794
82796
82797
82798
82800
82801
82801
82801
82801
82801
82802
82803
82805
82809
82810
82810
82810
82811
82811
82812
82812
82812
82813
82813
82814
82814
82814
82815
82815
82816
82823
82823
82823
82823
82825
82826
82826
82826
82827
82831
82832
82838
82861
82864
82864
82864
82865
82866
82866
82866
82866
82867
82880
82880
82880
82880
82880
82880
82880
82880
82880
82881
82884
82889
82899
82899
82899
82904
82904
82904
82904
82904
82904
82904
82905
82905
82905
82905
82905
82905
82921
82925
82930
82930
82930
82930
82930
82930
82930
82930
82930
82930
82930
82930
82930
82930
82930
82930
82930
82933
82933
82933
82933
82933
82933
82933
82933
82933
82934
82934
82934
82934
82934
82934
82934
82934
82934
82934
82934
82934
82934
82934
82934
82934
82934
82934
82934
82938
82940
82948
82950
82951
82954
82954
82954
82961
82961
82961
82966
82966
82966
82966
82968
82968
82968
82968
82968
82968
82968
82968
82968
82968
82970
82970
82970
82970
82970
82970
82973
82973
82973
82974
82974
82974
82980
82980
82980
82981
82981
82981
82986
82986
82988
83001
83001
83001
83007
83007
83007
83008
83010
83010
83012
83018
83019
83020
83021
83026
83027
83031
83031
83031
83038
83039
83039
83039
83039
83039
83039
83042
83051
83051
83051
83051
83052
83052
83052
83052
83060
83060
83061
83070
83071
83071
83071
83075
83075
83077
83077
83077
83078
83078
83078
83084
83084
83084
83084
83090
83090
83090
83108
83108
83117
83117
83117
83117
83117
83120
83121
83121
83122
83123
83123
83129
83129
83129
83157
83157
83157
83157
83157
83157
83158
83158
83158
83162
83162
83162
83172
83172
83172
83172
83172
83172
83172
83172
83177
83177
83177
83177
83178
83178
83178
83178
83178
83178
83197
83197
83197
83197
83197
83200
83200
83200
83200
83200
83200
83200
83200
83201
83201
83201
83226
83227
83227
83228
83228
83229
83229
83229
83229
83229
83230
83230
83230
83230
83230
83241
83241
83241
83241
83247
83247
83247
83247
83247
83247
83247
83251
83251
83254
83256
83257
83259
83259
83259
83259
83259
83267
83268
83269
83269
83270
83271
83271
83271
83273
83273
83273
83273
83273
83273
83274
83274
83274
83274
83274
83274
83274
83274
83280
83280
83285
83285
83285
83285
83285
83285
83286
83286
83295
83297
83298
83299
83301
83302
83303
83304
83307
83308
83308
83308
83308
83308
83308
83308
83308
83308
83308
83308
83309
83309
83310
83311
83311
83311
83312
83313
83314
83314
83314
83314
83315
83315
83317
83318
83318
83319
83320
83320
83321
83322
83330
83330
83330
83330
83330
83334
83334
83338
83338
83338
83338
83338
83340
83340
83340
83340
83340
83340
83340
83340
83340
83340
83340
83349
83349
83352
83352
83352
83352
83352
83352
83352
83366
83366
83370
83370
83370
83372
83372
83372
83372
83372
83372
83372
83372
83372
83380
83380
83381
83383
83383
83383
83386
83386
83386
83386
83386
83389
83389
83390
83390
83390
83390
83390
83390
83390
83390
83390
83391
83391
83391
83391
83391
83396
83397
83397
83397
83397
83397
83397
83397
83397
83399
83400
83400
83401
83403
83407
83408
83408
83409
83409
83409
83409
83410
83411
83411
83412
83415
83415
83415
83416
83419
83427
83432
83440
83441
83441
83441
83443
83443
83448
83448
83448
83463
83466
83472
83472
83472
83472
83472
83472
83472
83472
83472
83472
83472
83472
83472
83479
83491
83495
83504
83504
83504
83504
83504
83504
83506
83506
83506
83506
83506
83506
83506
83508
83508
83516
83516
83524
83524
83524
83526
83526
83528
83528
83535
83535
83536
83536
83536
83536
83537
83537
83537
83537
83537
83537
83537
83537
83537
83537
83537
83537
83538
83538
83539
83539
83540
83540
83541
83541
83542
83545
83545
83546
83546
83549
83550
83550
83550
83550
83550
83550
83550
83550
83550
83550
83550
83550
83550
83550
83550
83551
83551
83551
83551
83551
83551
83551
83551
83551
83551
83551
83587
83587
83588
83588
83588
83588
83590
83590
83590
83590
83590
83590
83590
83590
83590
83590
83590
83590
83596
83596
83598
83598
83599
83599
83600
83601
83601
83601
83601
83601
83601
83601
83601
83601
83601
83602
83602
83603
83603
83619
83619
83619
83619
83619
83653
83653
83653
83653
83653
83671
83671
83671
83671
83682
83682
83683
83700
83700
83700
83700
83700
83700
83700
83700
83702
83702
83702
83702
83702
83702
83702
83702
83706
83706
83706
83711
83711
83725
83725
83725
83725
83725
83738
83742
83742
83745
83746
83746
83746
83746
83746
83746
83746
83746
83746
83746
83746
83746
83746
83746
83746
83746
83746
83746
83746
83746
83746
83746
83746
83746
83755
83762
83762
83762
83765
83765
83771
83772
83785
83785
83785
83787
83787
83791
83797
83797
83797
83797
83797
83797
83797
83797
83798
83800
83802
83803
83803
83803
83803
83809
83809
83830
83830
83830
83830
83830
83830
83830
83830
83830
83830
83830
83830
83830
83830
83830
83830
83830
83830
83830
83831
83831
83850
83850
83853
83853
83853
83855
83858
83858
83858
83858
83858
83858
83858
83858
83858
83858
83858
83858
83858
83860
83861
83861
83861
83863
83864
83865
83867
83868
83869
83871
83872
83872
83872
83872
83875
83878
83890
83890
83890
83890
83896
83896
83986
83986
83986
83998
83998
83998
83998
83998
83998
83998
83998
83998
84000
84002
84002
84002
84003
84003
84003
84003
84003
84003
84003
84003
84003
84003
84003
84003
84003
84003
84003
84003
84003
84003
84011
84011
84011
84020
84020
84020
84020
84020
84020
84021
84021
84021
84021
84021
84038
84038
84039
84039
84039
84039
84039
84040
84040
84040
84041
84041
84041
84041
84041
84041
84041
84041
84043
84043
84052
84052
84075
84075
84075
84076
84076
84101
84120
84120
84120
84120
84120
84123
84123
84123
84123
84123
84123
84123
84123
84123
84123
84126
84127
84127
84127
84127
84127
84136
84143
84145
84146
84151
84152
84152
84152
84152
84152
84152
84152
84152
84158
84161
84161
84170
84170
84170
84170
84170
84170
84170
84170
84170
84170
84170
84170
84170
84170
84170
84172
84172
84172
84172
84172
84172
84172
84179
84179
84192
84192
84192
84192
84193
84215
84215
84215
84215
84215
84215
84215
84215
84215
84215
84215
84215
84215
84215
84215
84215
84215
84215
84215
84215
84223
84223
84223
84223
84223
84223
84223
84226
84229
84243
84243
84243
84244
84244
84244
84244
84244
84244
84244
84244
84245
84245
84245
84245
84245
84245
84245
84245
84245
84245
84245
84249
84249
84257
84257
84261
84269
84277
84277
84277
84277
84278
84289
84289
84289
84289
84289
84289
84289
84289
84289
84289
84290
84296
84296
84296
84296
84296
84297
84297
84297
84297
84297
84297
84297
84301
84302
84302
84329
84329
84330
84330
84330
84330
84331
84338
84338
84338
84338
84343
84343
84343
84343
84343
84343
84343
84343
84343
84343
84351
84351
84362
84362
84366
84367
84367
84367
84367
84368
84369
84370
84372
84372
84372
84372
84372
84372
84372
84372
84372
84372
84372
84372
84372
84373
84375
84376
84377
84377
84378
84379
84381
84381
84381
84383
84384
84386
84387
84388
84390
84391
84393
84394
84395
84397
84398
84399
84416
84416
84416
84416
84436
84436
84436
84436
84436
84436
84436
84436
84436
84436
84436
84456
84458
84458
84458
84458
84458
84458
84459
84459
84459
84459
84459
84459
84471
84471
84471
84471
84471
84471
84471
84472
84472
84472
84472
84472
84472
84472
84472
84472
84473
84473
84473
84473
84473
84473
84473
84473
84474
84474
84478
84478
84482
84482
84482
84483
84483
84483
84483
84483
84483
84504
84504
84504
84504
84504
84504
84504
84505
84505
84511
84511
84541
84542
84542
84543
84544
84545
84545
84546
84550
84550
84550
84550
84550
84550
84550
84550
84550
84550
84550
84550
84550
84550
84550
84550
84550
84550
84550
84551
84551
84553
84553
84553
84553
84553
84553
84553
84553
84553
84586
84586
84586
84586
84621
84621
84621
84622
84623
84623
84623
84623
84623
84624
84626
84627
84628
84630
84630
84630
84630
84630
84630
84630
84630
84631
84631
84631
84631
84631
84631
84631
84631
84631
84631
84631
84631
84631
84631
84631
84631
84631
84631
84631
84631
84631
84631
84631
84631
84631
84632
84632
84632
84632
84632
84632
84632
84641
84641
84641
84641
84641
84641
84641
84641
84722
84722
84722
84722
84722
84722
84722
84722
84743
84743
84743
84743
84744
84781
84783
84783
84783
84787
84787
84787
84787
84793
84794
84794
84794
84794
84794
84794
84795
84795
84797
84797
84797
84797
84797
84797
84798
84800
84802
84814
84814
84814
84815
84815
84815
84817
84818
84818
84818
84818
84818
84818
84818
84819
84819
84819
84819
84819
84819
84820
84820
84820
84820
84820
84820
84821
84840
84840
84841
84841
84841
84841
84841
84842
84843
84844
84855
84856
84858
84860
84861
84863
84864
84866
84870
84870
84870
84870
84870
84871
84871
84871
84917
84917
84917
84917
84917
84917
84917
84917
84917
84917
84917
84917
84917
84917
84917
84917
84917
84917
84918
84918
84918
84918
84918
84918
84918
84918
84920
84920
84920
84920
84920
84920
84920
84920
84920
84920
84920
84920
84920
84920
84920
84920
84920
84920
84920
84921
84921
84923
84923
84939
84943
84944
84945
84946
84947
84947
84949
84975
84976
84976
84976
84978
84979
84992
84992
85126
85739
85772
85913
86051
86564
86580
87578
87984
88106
88378
88550
88678
89771
89850
90073
90809
90847
90847
90847
90901
90920
90941
90961
91000
91037
91054
91079
91107
91140
91159
91201
91276
91310
91328
91367
91380
91429
91502
91527
91553
91587
91599
91615
91627
91654
91669
91687
91706
91742
91759
91788
91807
91826
91852
92150
92150
92150
92167
92193
92266
92287
92308
92313
92360
92375
92382
92453
92453
92468
92494
92520
92568
92568
92581
92581
92622
92640
92655
92700
92720
92750
92762
92794
92846
92859
92893
92919
92934
92946
92959
92973
92996
93013
93026
93134
93168
93173
93202
93233
93944
93976
94019
94021
94069
94109
94117
94127
94363
94387
94433
94471
94479
94500
94500
94517
94538
94576
94576
94584
94597
94670
94690
94710
94717
94764
94806
94879
94884
94891
94920
94938
94971
95018
95020
95020
95020
95020
95020
95020
95021
95021
95021
95021
95021
95021
95021
95021
95021
95021
95021
95021
95021
95021
95021
95021
95027
95027
95027
95034
95035
95036
95036
95040
95045
95052
95052
95059
95060
95063
95063
95063
95063
95063
95076
95086
95086
95086
95097
95098
95099
95104
95104
95107
95107
95107
95112
95120
95125
95125
95125
95133
95142
95144
95147
95147
95147
95147
95150
95152
95152
95152
95152
95152
95154
95157
95161
95161
95167
95167
95167
95174
95175
95178
95178
95179
95179
95179
95179
95181
95182
95188
95188
95188
95189
95189
95189
95198
95203
95210
95210
95210
95215
95215
95215
95225
95227
95227
95229
95230
95230
95230
95242
95245
95246
95246
95247
95260
95260
95261
95264
95264
95264
95264
95266
95269
95269
95270
95271
95271
95274
95278
95287
95300
95309
95309
95309
95309
95313
95313
95313
95314
95317
95326
95330
95333
95334
95335
95337
95338
95338
95339
95350
95352
95353
95353
95357
95358
95359
95360
95362
95362
95364
95366
95366
95367
95377
95377
95377
95378
95378
95378
95379
95380
95381
95382
95384
95384
95392
95398
95398
95399
95400
95404
95406
95406
95407
95407
95414
95418
95418
95418
95418
95422
95427
95427
95427
95433
95433
95436
95436
95438
95438
95442
95443
95446
95463
95466
95467
95467
95467
95482
95484
95484
95488
95488
95488
95490
95490
95493
95505
95505
95505
95505
95509
95515
95517
95517
95521
95525
95526
95536
95536
95538
95538
95541
95542
95547
95547
95551
95551
95553
95554
95556
95557
95557
95559
95559
95562
95565
95569
95571
95571
95571
95572
95572
95572
95572
95573
95573
95575
95579
95579
95579
95580
95582
95587
95587
95587
95590
95590
95590
95590
95594
95594
95600
95600
95600
95602
95602
95606
95609
95609
95609
95610
95610
95612
95614
95615
95615
95618
95619
95619
95619
95629
95630
95630
95630
95630
95630
95630
95634
95634
95640
95640
95640
95644
95648
95648
95648
95648
95653
95654
95656
95670
95670
95671
95671
95674
95680
95684
95686
95686
95689
95693
95694
95700
95700
95701
95702
95707
95710
95710
95711
95712
95712
95712
95715
95722
95724
95726
95728
95730
95732
95732
95734
95738
95738
95740
95743
95743
95743
95743
95751
95751
95755
95755
95755
95755
95760
95760
95760
95760
95761
95761
95761
95761
95761
95764
95764
95764
95773
95773
95775
95775
95775
95779
95779
95779
95780
95780
95781
95783
95783
95783
95785
95792
95792
95795
95799
95802
95802
95804
95804
95804
95804
95804
95804
95807
95807
95807
95822
95827
95828
95828
95828
95829
95829
95829
95830
95834
95835
95852
95852
95853
95855
95860
95862
95862
95862
95862
95876
95876
95878
95879
95879
95879
95880
95880
95890
95892
95892
95892
95894
95895
95898
95898
95911
95914
95914
95914
95918
95918
95921
95922
95926
95926
95926
95927
95927
95927
95927
95928
95930
95930
95933
95933
95933
95937
95943
95943
95946
95947
95947
95948
95950
95950
95951
95954
95955
95955
95956
95956
95956
95956
95956
95957
95957
95958
95960
95962
95962
95962
95966
95966
95969
95969
95970
95972
95973
95974
95976
95977
95977
95977
95978
95978
95979
95981
95982
95984
95985
95986
95987
95991
95994
95994
95996
95997
95997
96001
96001
96001
96005
96005
96010
96016
96016
96016
96016
96023
96023
96023
96023
96024
96024
96024
96024
96025
96026
96030
96030
96033
96037
96038
96038
96038
96041
96041
96046
96046
96046
96052
96053
96056
96056
96057
96060
96060
96064
96064
96068
96068
96069
96070
96076
96076
96081
96081
96081
96087
96093
96093
96097
96097
96097
96101
96101
96101
96103
96103
96103
96105
96114
96116
96117
96117
96117
96117
96120
96123
96123
96126
96126
96127
96128
96128
96128
96131
96131
96131
96131
96132
96132
96146
96146
96146
96146
96146
96146
96146
96146
96146
96146
96146
96146
96146
96146
96146
96146
96146
96146
96146
96146
96146
96146
96146
96146
96146
96146
96150
96150
96150
96150
96150
96151
96151
96151
96151
96154
96154
96157
96158
96159
96163
96168
96169
96169
96172
96172
96173
96179
96181
96181
96181
96182
96182
96184
96184
96189
96196
96196
96199
96199
96199
96199
96199
96203
96214
96214
96221
96221
96221
96221
96221
96221
96222
96222
96222
96222
96226
96226
96228
96228
96233
96237
96237
96237
96241
96241
96241
96241
96241
96248
96249
96249
96253
96253
96254
96254
96256
96256
96260
96262
96262
96262
96265
96268
96269
96281
96286
96286
96288
96288
96288
96288
96288
96288
96297
96301
96305
96309
96309
96309
96311
96311
96311
96316
96316
96321
96321
96329
96331
96331
96331
96331
96337
96337
96340
96341
96344
96345
96346
96347
96361
96361
96361
96362
96362
96362
96370
96370
96373
96375
96386
96386
96390
96390
96391
96397
96397
96397
96397
96397
96398
96400
96400
96404
96409
96421
96421
96424
96424
96428
96428
96436
96436
96442
96442
96442
96442
96442
96442
96442
96442
96442
96442
96442
96442
96442
96442
96442
96442
96442
96442
96442
96442
96442
96442
96442
96442
96442
96442
96444
96444
96445
96448
96450
96452
96454
96456
96458
96460
96465
96466
96469
96469
96474
96480
96482
96487
96487
96487
96488
96492
96492
96495
96499
96499
96500
96506
96514
96514
96517
96517
96517
96517
96523
96527
96534
96534
96534
96534
96534
96534
96534
96539
96539
96539
96542
96542
96542
96545
96548
96548
96550
96554
96560
96560
96564
96564
96567
96567
96569
96569
96569
96569
96569
96569
96574
96577
96578
96581
96582
96583
96586
96588
96588
96588
96590
96603
96605
96608
96608
96608
96608
96608
96610
96611
96614
96614
96614
96614
96614
96614
96617
96617
96620
96624
96627
96627
96630
96631
96631
96631
96635
96635
96636
96636
96636
96636
96640
96640
96643
96646
96657
96657
96658
96661
96661
96661
96662
96663
96664
96664
96664
96669
96669
96669
96672
96672
96684
96684
96688
96693
96694
96702
96703
96703
96708
96708
96722
96722
96722
96722
96722
96724
96727
96727
96729
96729
96729
96735
96739
96743
96750
96750
96750
96750
96750
96752
96755
96761
96761
96761
96761
96763
96764
96764
96764
96764
96767
96768
96768
96768
96770
96774
96777
96778
96778
96781
96782
96784
96784
96788
96788
96789
96797
96797
96797
96801
96806
96806
96812
96812
96812
96812
96816
96821
96822
96822
96822
96822
96822
96841
96841
96842
96842
96842
96842
96842
96848
96851
96864
96864
96865
96868
96875
96875
96877
96877
96879
96886
96898
96898
96902
96905
96905
96906
96906
96907
96907
96907
96907
96909
96909
96909
96909
96909
96914
96916
96917
96922
96926
96926
96926
96933
96933
96933
96933
96933
96933
96933
96933
96934
96937
96937
96938
96939
96942
96942
96945
96952
96953
96956
96957
96957
96960
96962
96965
96973
96973
96976
96976
96980
96980
96980
96980
96980
96980
96984
96984
96985
96986
96986
96991
97005
97005
97005
97005
97005
97006
97006
97013
97016
97016
97016
97018
97018
97018
97018
97019
97022
97024
97024
97027
97027
97027
97027
97032
97032
97040
97040
97040
97041
97044
97044
97048
97048
97048
97048
97048
97048
97048
97048
97048
97048
97048
97048
97049
97053
97055
97056
97056
97056
97056
97056
97060
97060
97068
97068
97068
97068
97068
97069
97074
97074
97074
97074
97074
97078
97078
97080
97084
97094
97095
97095
97098
97098
97102
97102
97107
97110
97110
97110
97110
97110
97110
97110
97112
97112
97114
97119
97123
97124
97124
97124
97128
97129
97129
97129
97129
97131
97134
97138
97138
97139
97142
97146
97154
97154
97162
97162
97163
97163
97163
97163
97163
97163
97163
97165
97167
97170
97180
97180
97184
97184
97184
97188
97188
97190
97191
97191
97205
97208
97210
97215
97215
97218
97218
97219
97222
97222
97226
97226
97228
97228
97228
97229
97231
97231
97231
97233
97233
97236
97237
97237
97237
97238
97238
97242
97242
97242
97242
97249
97249
97249
97250
97254
97255
97260
97260
97260
97260
97260
97270
97270
97273
97273
97273
97273
97273
97276
97276
97276
97276
97277
97277
97278
97280
97280
97283
97286
97290
97300
97300
97301
97301
97301
97303
97303
97304
97304
97307
97309
97309
97312
97312
97314
97316
97316
97317
97320
97324
97324
97326
97326
97327
97332
97335
97335
97336
97336
97336
97336
97338
97339
97339
97340
97341
97342
97343
97346
97347
97348
97350
97350
97352
97354
97354
97358
97358
97363
97367
97368
97370
97370
97370
97370
97374
97375
97376
97377
97378
97378
97378
97379
97379
97379
97380
97381
97381
97382
97382
97388
97390
97390
97391
97391
97391
97391
97391
97391
97391
97392
97392
97392
97392
97392
97392
97392
97393
97393
97393
97398
97400
97400
97400
97400
97400
97401
97402
97402
97406
97406
97407
97407
97407
97408
97408
97409
97410
97410
97410
97411
97411
97411
97412
97413
97413
97414
97414
97415
97418
97419
97419
97419
97419
97420
97421
97422
97423
97423
97423
97423
97424
97425
97426
97426
97426
97428
97436
97437
97438
97440
97440
97445
97445
97446
97446
97446
97446
97450
97450
97450
97450
97450
97450
97450
97450
97454
97455
97459
97461
97463
97468
97468
97468
97468
97468
97469
97469
97469
97469
97469
97472
97472
97473
97476
97476
97479
97484
97484
97488
97489
97489
97490
97492
97492
97492
97497
97497
97497
97497
97497
97497
97499
97506
97506
97506
97506
97510
97510
97510
97512
97512
97513
97513
97513
97513
97513
97514
97514
97514
97514
97516
97516
97528
97528
97532
97532
97532
97534
97534
97534
97534
97534
97534
97534
97534
97534
97536
97536
97537
97541
97551
97551
97551
97553
97553
97553
97553
97556
97556
97557
97558
97561
97565
97565
97567
97569
97570
97573
97574
97574
97574
97574
97574
97574
97577
97578
97580
97580
97581
97582
97582
97585
97586
97586
97587
97587
97587
97587
97587
97588
97588
97591
97591
97593
97594
97594
97597
97597
97597
97601
97601
97604
97604
97607
97609
97612
97613
97618
97618
97618
97618
97618
97618
97618
97618
97618
97619
97623
97623
97623
97628
97628
97628
97632
97634
97634
97634
97634
97634
97634
97634
97635
97635
97640
97642
97643
97647
97647
97647
97649
97654
97654
97657
97657
97657
97657
97658
97659
97660
97663
97663
97663
97663
97663
97663
97666
97670
97671
97671
97671
97671
97674
97674
97674
97676
97676
97676
97676
97676
97677
97678
97679
97683
97693
97693
97694
97694
97694
97694
97695
97695
97695
97695
97695
97695
97695
97696
97696
97697
97701
97701
97701
97701
97703
97704
97705
97707
97715
97716
97716
97717
97720
97720
97720
97724
97726
97726
97726
97728
97728
97730
97730
97730
97731
97735
97740
97744
97744
97744
97746
97746
97746
97748
97748
97748
97748
97748
97748
97748
97748
97748
97748
97748
97748
97748
97748
97748
97748
97748
97750
97750
97750
97750
97752
97752
97754
97755
97758
97758
97758
97758
97758
97758
97758
97761
97765
97766
97768
97769
97770
97770
97770
97772
97774
97776
97777
97777
97778
97778
97779
97783
97783
97783
97783
97783
97783
97785
97785
97785
97785
97787
97791
97795
97795
97795
97796
97796
97798
97798
97798
97800
97800
97801
97801
97803
97806
97806
97807
97808
97808
97808
97808
97808
97808
97809
97809
97809
97809
97810
97812
97815
97815
97820
97820
97820
97821
97822
97822
97824
97824
97825
97826
97829
97830
97831
97833
97833
97834
97834
97835
97837
97838
97838
97838
97840
97848
97849
97853
97853
97853
97854
97860
97860
97860
97860
97860
97862
97862
97862
97862
97862
97866
97869
97869
97869
97869
97869
97870
97870
97870
97873
97873
97877
97877
97880
97881
97881
97881
97884
97886
97886
97887
97887
97887
97887
97889
97890
97890
97891
97893
97894
97896
97897
97897
97898
97902
97903
97904
97905
97906
97906
97909
97909
97910
97910
97914
97914
97914
97920
97920
97920
97921
97924
97924
97924
97924
97926
97926
97926
97930
97931
97936
97937
97937
97946
97947
97949
97949
97949
97949
97949
97949
97949
97950
97950
97952
97952
97952
97952
97953
97953
97953
97953
97953
97954
97954
97954
97954
97954
97954
97954
97956
97957
97959
97960
97960
97962
97962
97962
97963
97965
97966
97967
97968
97969
97973
97974
97975
97975
97977
97982
97982
97984
97984
97986
97986
97987
97988
97988
97989
97990
97990
97991
97992
97993
97994
97994
97996
97997
97997
97997
97997
97998
97998
98000
98003
98003
98008
98010
98012
98012
98017
98017
98017
98018
98018
98022
98022
98022
98026
98027
98028
98030
98030
98030
98032
98032
98032
98033
98038
98038
98038
98039
98040
98048
98048
98048
98050
98050
98054
98056
98066
98067
98067
98067
98067
98067
98067
98070
98071
98072
98074
98074
98078
98083
98084
98084
98084
98085
98085
98086
98090
98090
98091
98095
98098
98100
98101
98103
98104
98108
98113
98113
98114
98114
98115
98115
98115
98115
98115
98115
98115
98116
98118
98118
98119
98120
98120
98120
98120
98121
98121
98121
98121
98121
98121
98121
98126
98126
98127
98128
98128
98131
98134
98135
98135
98135
98135
98141
98141
98141
98142
98143
98147
98151
98151
98155
98155
98155
98155
98155
98155
98159
98159
98159
98159
98159
98163
98163
98163
98163
98164
98164
98164
98164
98164
98165
98165
98166
98166
98169
98169
98169
98170
98171
98171
98171
98175
98175
98176
98179
98179
98179
98182
98183
98183
98183
98184
98184
98184
98187
98187
98187
98187
98191
98191
98191
98191
98191
98191
98191
98193
98202
98202
98203
98205
98208
98208
98210
98210
98210
98212
98213
98213
98213
98213
98213
98213
98214
98216
98216
98218
98221
98221
98226
98228
98228
98228
98228
98228
98228
98230
98231
98231
98231
98231
98231
98234
98234
98234
98237
98237
98237
98237
98238
98239
98239
98239
98240
98240
98240
98242
98242
98242
98245
98245
98246
98246
98247
98247
98248
98248
98251
98251
98251
98251
98251
98252
98252
98253
98254
98254
98255
98257
98259
98260
98263
98269
98270
98270
98275
98275
98275
98276
98276
98279
98279
98280
98283
98284
98288
98288
98288
98290
98291
98291
98291
98291
98293
98297
98297
98297
98298
98303
98303
98303
98309
98309
98309
98309
98315
98315
98315
98315
98315
98315
98315
98315
98320
98321
98321
98322
98322
98322
98325
98330
98331
98331
98331
98331
98332
98332
98334
98334
98334
98338
98338
98338
98341
98342
98342
98345
98345
98348
98348
98350
98352
98352
98353
98354
98359
98359
98359
98359
98361
98361
98365
98366
98369
98370
98370
98373
98373
98374
98374
98374
98374
98374
98375
98375
98375
98375
98378
98380
98381
98381
98381
98381
98387
98387
98389
98391
98393
98393
98393
98397
98397
98398
98400
98401
98402
98402
98406
98410
98411
98416
98416
98416
98418
98420
98420
98420
98421
98426
98430
98433
98437
98438
98438
98440
98442
98446
98446
98447
98447
98455
98458
98459
98459
98461
98470
98477
98477
98478
98482
98484
98484
98487
98489
98490
98493
98495
98495
98495
98495
98497
98500
98502
98504
98504
98506
98514
98514
98516
98520
98523
98529
98529
98530
98530
98537
98549
98549
98549
98554
98554
98554
98554
98558
98558
98558
98558
98558
98558
98561
98561
98564
98565
98570
98574
98574
98586
98586
98589
98589
98598
98602
98617
98618
98622
98622
98628
98628
98628
98628
98628
98644
98644
98644
98644
98644
98644
98644
98646
98652
98652
98653
98653
98653
98657
98657
98657
98662
98662
98662
98662
98662
98662
98666
98666
98668
98668
98668
98668
98668
98673
98681
98681
98681
98681
98681
98681
98681
98681
98681
98681
98682
98682
98682
98682
98682
98682
98682
98682
98682
98682
98682
98682
98685
98686
98686
98686
98688
98688
98688
98689
98691
98691
98692
98699
98702
98708
98712
98712
98716
98718
98718
98719
98725
98730
98738
98738
98739
98742
98744
98744
98746
98747
98747
98747
98747
98748
98749
98754
98758
98760
98762
98767
98767
98768
98778
98780
98782
98784
98784
98784
98786
98786
98792
98795
98805
98822
98823
98829
98829
98829
98836
98836
98841
98843
98844
98846
98867
98867
98867
98868
98869
98872
98876
98880
98883
98884
98893
98893
98905
98912
98913
98915
98916
98928
98929
98930
98931
98931
98931
98931
98931
98931
98931
98932
98932
98932
98932
98932
98932
98934
98936
98941
98942
98942
98942
98942
98949
98949
98949
98958
98958
98960
98960
98967
98967
98967
98977
98981
98981
98984
98984
98984
98990
98990
99000
99001
99001
99001
99005
99006
99007
99010
99010
99012
99013
99013
99013
99013
99013
99014
99015
99019
99030
99034
99034
99035
99040
99048
99048
99048
99049
99066
99072
99072
99073
99073
99073
99077
99078
99078
99080
99082
99082
99084
99088
99089
99094
99096
99096
99096
99097
99100
99104
99105
99107
99107
99110
99115
99115
99117
99122
99126
99126
99126
99126
99126
99126
99128
99128
99128
99128
99128
99128
99128
99130
99130
99138
99138
99139
99141
99141
99141
99141
99144
99147
99149
99150
99150
99150
99150
99155
99166
99166
99166
99167
99168
99168
99171
99174
99175
99175
99176
99178
99179
99183
99184
99186
99186
99186
99206
99206
99207
99218
99221
99222
99223
99223
99223
99223
99223
99223
99223
99224
99225
99227
99228
99228
99228
99233
99234
99234
99246
99246
99247
99247
99247
99252
99261
99261
99275
99275
99275
99275
99275
99275
99275
99280
99280
99285
99285
99285
99285
99289
99306
99308
99310
99310
99310
99310
99310
99322
99326
99326
99330
99330
99336
99336
99338
99340
99346
99350
99354
99354
99360
99360
99367
99367
99367
99367
99377
99380
99385
99398
99400
99400
99402
99402
99407
99407
99407
99407
99414
99414
99420
99434
99440
99440
99460
99471
99478
99478
99478
99478
99478
99484
99491
99494
99494
99498
99522
99522
99522
99522
99522
99522
99523
99523
99523
99523
99523
99523
99523
99537
99537
99537
99537
99537
99537
99537
99537
99537
99538
99541
99541
99541
99541
99541
99541
99542
99542
99545
99545
99545
99545
99548
99548
99548
99549
99549
99549
99551
99551
99551
99551
99554
99557
99557
99558
99559
99559
99559
99559
99559
99559
99559
99559
99559
99564
99564
99570
99570
99574
99574
99574
99575
99578
99578
99587
99591
99593
99593
99596
99602
99610
99610
99610
99614
99614
99618
99621
99622
99622
99632
99632
99635
99635
99639
99640
99640
99640
99643
99647
99647
99650
99652
99654
99654
99655
99655
99655
99656
99659
99659
99659
99662
99666
99667
99669
99671
99674
99676
99676
99676
99683
99690
99690
99690
99694
99695
99698
99700
99700
99700
99701
99703
99710
99718
99718
99719
99719
99719
99719
99719
99722
99726
99726
99727
99732
99735
99739
99743
99744
99748
99755
99755
99758
99758
99764
99767
99768
99768
99769
99771
99772
99775
99775
99775
99775
99780
99785
99790
99791
99791
99792
99795
99795
99798
99800
99800
99800
99802
99811
99813
99817
99825
99828
99835
99839
99852
99853
99857
99860
99867
99872
99872
99893
99893
99896
99898
99898
99899
99900
99900
99903
99904
99904
99915
99929
99932
99935
99937
99939
99942
99943
99946
99946
99946
99947
99955
99956
99960
99960
99964
99965
99970
99972
99972
99972
99972
99973
99974
99974
99974
99974
99976
99979
99983
99987
99988
99990
99996
99999
100000
100000
100855
101855
102487
102501
102507
102514
102541
102547
102569
102575
102594
102602
102608
102620
102687
102687
102687
102687
102700
102709
102709
102729
102735
102747
102747
102775
102775
102795
102795
102803
102803
102807
102815
102820
102828
102849
102849
102849
102860
102860
102887
102895
102901
102908
102964
102964
102964
102964
102969
102969
102969
102969
102973
102974
102990
102990
103024
103024
103024
103024
103031
103031
103031
103041
103048
103053
103070
103070
103081
103087
103095
103101
103110
103114
103123
103123
103128
103134
103147
103154
103162
103162
103175
103175
103181
103188
103194
103208
103214
103255
103255
103255
103269
103274
103282
103287
103297
103297
103301
103317
103317
103328
103337
103341
103348
103355
103367
103367
103369
103378
103382
103387
103401
103401
103415
103415
103549
103568
103595
103606
103615
103624
103629
103639
103639
103643
103670
103683
103688
103697
103718
103718
103718
103718
103759
103762
103797
103812
103812
103812
103814
103830
103830
103837
103841
103855
103863
103875
103918
103928
103935
103942
103959
103962
103969
103978
103989
103995
104008
104014
104028
104048
104058
104068
104083
104096
104107
104118
104131
104144
104148
104162
104185
104185
104198
104212
104228
104237
104255
104265
104281
104301
104316
104331
104349
104356
104425
104663
104663
104663
104664
104680
104680
104680
104680
104700
104701
104701
104701
104708
104708
104708
104708
104726
104726
104726
104726
104742
104742
104742
104744
104748
104748
104749
104749
104752
104753
104753
104753
104760
104761
104761
104761
104769
104769
104769
104770
104782
104782
104782
104782
104786
104786
104786
104819
104819
104820
104832
104832
104839
104839
104842
104849
104855
104886
104887
104887
104888
104902
104902
104902
104926
104932
104932
104945
104946
104949
104968
104968
104979
104992
104992
105164
105164
105191
105191
105191
105196
105209
105227
105227
105396
105416
105430
105643
105664
105683
105690
105702
105716
105722
105729
105785
105785
105785
105787
105789
105803
106310
106317
106324
106330
106343
106350
106357
106357
106369
106456
106522
106549
106578
106648
106648
106664
106664
106802
106816
106822
106850
107050
107069
107143
107162
107185
107189
107276
107323
107436
107443
107455
107474
107476
107489
107522
107551
107551
107557
107582
107731
107749
107790
107790
107790
107790
107802
107816
107940
107982
107996
108018
108019
108022
108049
108217
108251
108309
108329
108356
108437
108648
108669
108688
108763
108775
108783
108794
108810
108822
108891
108891
108934
108934
108934
108935
108942
108942
109048
109048
109191
109191
109202
109281
109296
109309
109512
109529
109550
109640
109669
109689
109714
109715
109782
109796
109803
109816
109829
109932
110068
110075
110109
110109
110129
110135
110150
110158
110158
110178
110178
110191
110195
110443
110443
110443
110443
110447
110447
110447
110529
110529
110543
110543
110559
110559
110562
110585
110585
110585
110594
110868
110930
110930
110988
110996
111023
111029
111403
111416
111429
111429
111429
111449
111450
111470
111470
111471
111483
111483
111569
111569
111621
111628
111633
111733
111742
111747
111753
111762
111762
111787
111787
111788
111788
111814
111820
111827
111833
111873
111879
111921
111934
111940
111948
111956
111956
111961
112074
112081
112089
112095
112103
112103
112109
112110
112113
112167
112174
112183
112183
112187
112247
112254
112260
112268
112335
112341
112560
112583
112583
112583
112583
112596
112596
112601
112606
112667
112680
112680
112682
112775
112800
112807
112887
112900
112909
112909
112914
112922
112922
112926
112940
112949
112949
112954
113009
113009
113016
113016
113028
113028
113028
113041
113047
113056
113056
113060
113067
113074
113240
113354
113361
113366
113389
113474
113480
113500
113545
113545
113548
113554
113562
113562
113566
113602
113629
113629
113635
113687
113695
113700
113747
113747
113755
113755
113761
113774
113827
113839
113854
113868
113873
113901
113901
113901
113902
113909
113909
114087
114088
114153
114160
114308
114321
114326
114467
114479
114496
114510
114510
114513
114527
114574
114589
114589
114603
114603
114607
114869
114871
114873
114987
114995
115007
115007
115007
115007
115007
115007
115007
115007
115007
115007
115007
115086
115086
115086
115086
115086
115086
115086
115086
115086
115086
115086
115086
115086
115086
115086
115086
115086
115086
115086
115087
115090
115181
115181
115181
115269
115269
115269
115269
115269
115269
115269
115269
115269
115270
115280
115280
115280
115280
115294
115294
115294
115294
115294
115295
115295
115295
115295
115295
115295
115296
115296
115296
115296
115296
115297
115297
115297
115297
115297
115297
115298
115298
115298
115298
115298
115298
115298
115299
115299
115299
115315
115328
115347
115360
115530
115530
115534
115534
115534
115534
115534
115534
115534
115534
115534
115534
115534
115534
115534
115549
115549
115550
115550
115550
115550
115550
115550
115550
115550
115550
115560
115560
115561
115582
115582
115582
115582
115582
115582
115582
115601
115601
115601
115601
115601
115606
115607
115607
115607
115607
115607
115607
115609
115610
115611
115611
115611
115612
115614
115615
115618
115618
115626
115630
115632
115632
115632
115632
115632
115632
115635
115636
115636
115637
115639
115640
115642
115651
115651
115651
115651
115651
115651
115656
115656
115657
115657
115657
115657
115660
115660
115677
115677
115678
115678
115678
115678
115678
115678
115678
115678
115678
115696
115696
115696
115696
115696
115696
115698
115698
115698
115698
115698
115698
115698
115698
115698
115698
115698
115698
115698
115698
115698
115698
115698
115709
115711
115712
115713
115715
115728
115728
115728
115728
115728
115728
115728
115728
115728
115728
115728
115733
115734
115753
115753
115753
115753
115753
115753
115756
115765
115767
115769
115771
115772
115774
115777
115778
115780
115781
115783
115783
115783
115783
115783
115783
115783
115784
115784
115784
115784
115784
115784
115784
115799
115800
115804
115806
115806
115806
115806
115806
115806
115806
115807
115808
115809
115809
115809
115809
115809
115809
115809
115809
115809
115815
115817
115821
115853
115853
115853
115853
115853
115893
115894
115898
115899
115914
115914
115914
115919
115942
115942
115942
115942
115942
115944
115944
115960
115960
115960
115960
115960
115964
115964
115964
115964
115966
115966
115967
115972
115972
115972
115972
115972
115972
115972
115972
115980
115980
115980
115980
115981
115981
115981
115981
115981
115981
115982
115982
115982
115982
115982
115982
115983
115983
116002
116002
116002
116002
116003
116003
116003
116003
116003
116003
116003
116003
116003
116013
116013
116020
116020
116031
116031
116031
116031
116051
116051
116051
116051
116051
116068
116068
116094
116094
116094
116094
116094
116094
116094
116122
116126
116126
116143
116146
116146
116146
116146
116146
116147
116147
116148
116148
116149
116149
116149
116150
116150
116150
116150
116150
116150
116150
116150
116150
116150
116150
116150
116150
116150
116150
116150
116150
116150
116150
116150
116150
116150
116150
116153
116153
116153
116153
116153
116153
116153
116153
116153
116153
116155
116155
116156
116156
116156
116160
116165
116168
116168
116168
116168
116168
116168
116192
116192
116192
116192
116192
116192
116192
116195
116195
116195
116195
116222
116222
116222
116222
116222
116223
116223
116223
116238
116238
116252
116257
116257
116257
116257
116257
116257
116257
116257
116257
116257
116257
116257
116263
116263
116263
116263
116269
116269
116270
116270
116283
116284
116284
116284
116284
116291
116291
116291
116291
116291
116292
116308
116309
116309
116337
116337
116337
116337
116337
116337
116337
116337
116338
116338
116338
116338
116347
116347
116347
116348
116364
116366
116368
116370
116371
116373
116374
116376
116393
116393
116393
116393
116408
116408
116408
116408
116439
116439
116439
116439
116439
116439
116439
116439
116439
116440
116440
116440
116440
116440
116440
116440
116440
116440
116440
116440
116462
116462
116462
116462
116462
116462
116462
116462
116462
116462
116487
116487
116487
116487
116487
116488
116489
116508
116508
116508
116508
116508
116508
116508
116508
116527
116527
116527
116527
116528
116528
116528
116528
116528
116531
116531
116536
116536
116543
116543
116543
116543
116543
116543
116543
116548
116548
116548
116548
116548
116548
116550
116550
116550
116569
116569
116569
116569
116569
116574
116574
116575
116575
116575
116575
116575
116575
116576
116576
116615
116630
116630
116630
116630
116630
116630
116630
116630
116631
116631
116651
116651
116651
116651
116651
116670
116670
116670
116670
116670
116670
116670
116686
116686
116686
116690
116690
116690
116690
116690
116690
116692
116692
116692
116692
116692
116692
116692
116692
116692
116692
116699
116699
116699
116699
116699
116699
116699
116699
116699
116718
116723
116723
116724
116724
116724
116724
116724
116725
116750
116750
116750
116751
116751
116751
116767
116767
116768
116768
116768
116768
116770
116770
116801
116802
116802
116823
116824
116826
116828
116830
116831
116833
116834
116836
116837
116844
116844
116844
116844
116844
116844
116847
116848
116850
116851
116851
116851
116851
116851
116851
116851
116851
116852
116853
116854
116855
116857
116864
116865
116865
116865
116865
116865
116865
116865
116865
116866
116867
116867
116867
116867
116867
116867
116868
116868
116869
116870
116870
116871
116872
116873
116874
116875
116876
116876
116877
116878
116890
116890
116890
116890
116890
116890
116890
116890
116903
116908
116933
116933
116933
116933
116937
116937
116937
116937
116942
116942
116942
116942
116942
116943
116943
116953
116953
116953
116957
116957
116959
116959
116974
116977
116977
116977
116987
116987
117022
117023
117023
117023
117023
117023
117023
117023
117031
117031
117038
117038
117038
117038
117038
117038
117039
117046
117047
117048
117048
117049
117049
117049
117049
117049
117049
117049
117049
117057
117057
117057
117057
117057
117057
117057
117057
117057
117057
117057
117057
117057
117058
117059
117060
117060
117061
117061
117061
117061
117061
117061
117068
117068
117068
117068
117068
117076
117076
117076
117081
117081
117081
117081
117081
117081
117081
117081
117089
117089
117089
117089
117092
117096
117097
117097
117097
117098
117098
117099
117099
117099
117099
117099
117099
117100
117101
117101
117101
117101
117101
117101
117101
117101
117106
117106
117117
117117
117117
117117
117117
117117
117123
117125
117125
117125
117125
117125
117130
117146
117146
117146
117146
117146
117146
117150
117150
117150
117150
117151
117151
117151
117151
117151
117151
117151
117151
117155
117155
117161
117161
117161
117162
117162
117162
117162
117162
117162
117162
117162
117191
117191
117191
117194
117195
117195
117217
117217
117217
117217
117217
117221
117221
117221
117221
117227
117227
117227
117227
117227
117227
117227
117227
117227
117227
117243
117244
117244
117296
117296
117296
117296
117296
117296
117296
117296
117303
117303
117304
117304
117304
117304
117330
117330
117331
117331
117331
117331
117331
117342
117342
117342
117342
117342
117342
117346
117347
117350
117350
117376
117376
117377
117377
117377
117378
117378
117379
117395
117395
117395
117395
117395
117395
117395
117395
117395
117395
117395
117400
117403
117403
117403
117403
117403
117403
117403
117403
117403
117403
117403
117403
117410
117410
117410
117410
117410
117413
117413
117413
117413
117413
117416
117420
117420
117428
117428
117442
117442
117442
117442
117442
117442
117442
117442
117452
117452
117456
117456
117458
117458
117458
117458
117458
117458
117467
117467
117467
117467
117476
117476
117476
117477
117477
117477
117477
117477
117477
117480
117490
117490
117490
117490
117491
117491
117494
117495
117518
117526
117528
117529
117531
117531
117531
117531
117531
117531
117531
117532
117532
117533
117534
117534
117534
117535
117535
117535
117535
117536
117538
117540
117540
117540
117540
117544
117544
117544
117550
117560
117564
117580
117587
117587
117587
117598
117598
117598
117598
117598
117598
117598
117599
117607
117609
117610
117610
117610
117612
117612
117612
117612
117613
117613
117616
117616
117622
117623
117624
117625
117627
117628
117629
117629
117629
117629
117629
117629
117629
117629
117629
117629
117629
117630
117630
117631
117635
117636
117638
117642
117643
117660
117660
117660
117660
117668
117670
117706
117706
117706
117706
117706
117710
117728
117728
117728
117728
117728
117728
117728
117732
117748
117748
117749
117770
117770
117770
117770
117770
117776
117776
117776
117776
117776
117779
117779
117779
117779
117779
117779
117779
117786
117786
117786
117786
117786
117794
117794
117797
117807
117809
117811
117811
117816
117817
117817
117817
117824
117824
117831
117831
117831
117831
117831
117831
117831
117831
117831
117831
117831
117832
117833
117834
117836
117837
117838
117838
117838
117839
117840
117847
117847
117847
117855
117855
117884
117886
117888
117889
117891
117893
117894
117910
117910
117910
117910
117910
117910
117910
117910
117910
117910
117910
117910
117910
117910
117911
117911
117911
117911
117911
117911
117911
117911
117912
117912
117912
117912
117912
117912
117912
117912
117930
117930
117930
117930
117931
117931
117931
117931
117931
117939
117940
117940
117940
117940
117940
117940
117941
117941
117957
117957
117957
117957
117957
117957
117957
117957
117957
117957
117957
117957
117957
117957
117957
117957
117957
117957
117957
117957
117957
117958
117958
117958
117958
117958
117958
117958
117958
117958
117960
117960
117960
117974
117974
117979
117979
117979
117979
117980
117980
118006
118015
118024
118024
118024
118030
118031
118031
118031
118047
118048
118052
118052
118052
118052
118052
118052
118052
118052
118054
118057
118058
118058
118058
118058
118064
118064
118066
118071
118071
118075
118075
118075
118075
118075
118075
118075
118075
118075
118075
118075
118075
118075
118075
118075
118075
118075
118075
118075
118078
118092
118093
118093
118093
118093
118093
118093
118093
118093
118093
118095
118095
118096
118096
118096
118096
118096
118096
118096
118096
118096
118096
118096
118105
118114
118114
118114
118114
118114
118114
118114
118114
118114
118114
118114
118118
118118
118127
118127
118127
118127
118128
118131
118131
118131
118131
118131
118166
118166
118166
118175
118175
118175
118175
118175
118175
118175
118175
118175
118175
118175
118175
118175
118175
118175
118203
118203
118203
118216
118216
118217
118229
118229
118229
118237
118238
118238
118238
118262
118262
118262
118282
118292
118293
118293
118293
118293
118293
118293
118293
118296
118296
118296
118296
118296
118296
118322
118322
118322
118322
118323
118323
118323
118323
118323
118323
118324
118356
118356
118357
118357
118357
118357
118357
118357
118357
118357
118362
118363
118363
118364
118364
118364
118366
118368
118370
118371
118373
118375
118375
118389
118389
118390
118390
118393
118393
118393
118393
118393
118394
118394
118394
118394
118394
118403
118411
118411
118411
118411
118420
118421
118421
118421
118421
118447
118448
118448
118448
118448
118448
118448
118465
118465
118465
118467
118470
118480
118480
118487
118487
118487
118502
118502
118502
118503
118503
118503
118503
118504
118504
118509
118509
118509
118509
118509
118509
118510
118510
118510
118510
118510
118510
118510
118510
118514
118514
118524
118524
118531
118531
118531
118540
118540
118540
118540
118540
118540
118540
118541
118541
118541
118542
118544
118545
118546
118546
118547
118550
118553
118554
118554
118554
118554
118555
118555
118557
118558
118558
118559
118561
118561
118561
118561
118561
118561
118561
118561
118561
118563
118564
118565
118567
118568
118569
118571
118572
118574
118581
118581
118589
118589
118590
118590
118591
118591
118600
118600
118607
118612
118612
118612
118612
118612
118612
118620
118620
118620
118621
118640
118640
118640
118652
118654
118654
118659
118679
118680
118682
118683
118684
118686
118687
118689
118690
118691
118709
118709
118709
118709
118709
118719
118720
118720
118721
118722
118723
118725
118726
118726
118726
118730
118732
118732
118732
118732
118733
118735
118736
118738
118738
118738
118738
118738
118738
118738
118742
118742
118742
118742
118742
118742
118742
118763
118763
118763
118763
118763
118763
118764
118764
118764
118765
118765
118765
118765
118765
118765
118765
118765
118765
118765
118765
118765
118765
118765
118765
118765
118765
118765
118766
118766
118766
118766
118769
118769
118769
118769
118773
118773
118773
118773
118773
118774
118783
118783
118783
118784
118784
118784
118784
118784
118784
118784
118784
118784
118784
118784
118790
118790
118830
118831
118831
118856
118856
118867
118867
118867
118867
118871
118871
118871
118872
118876
118876
118877
118877
118877
118877
118877
118877
118877
118877
118878
118879
118880
118880
118883
118884
118892
118893
118895
118896
118896
118905
118905
118905
118905
118905
118906
118906
118906
118906
118906
118906
118906
118906
118906
118906
118906
118906
118906
118906
118906
118906
118906
118906
118906
118906
118906
118906
118911
118911
118911
118911
118912
118925
118925
118925
118950
118950
118960
118961
118961
118961
118967
118967
118969
118969
118969
118969
118974
118974
118974
118974
118974
118974
118974
118974
118974
118974
118974
119001
119001
119001
119001
119002
119004
119005
119047
119050
119050
119067
119067
119067
119067
119067
119067
119067
119068
119068
119068
119068
119068
119068
119068
119068
119068
119069
119069
119069
119070
119070
119081
119081
119081
119081
119081
119081
119081
119081
119082
119088
119088
119088
119088
119089
119095
119096
119096
119113
119113
119113
119113
119113
119113
119113
119113
119113
119113
119113
119113
119113
119113
119113
119113
119113
119120
119120
119132
119133
119133
119133
119133
119133
119140
119140
119140
119140
119140
119140
119140
119140
119146
119148
119148
119148
119160
119160
119160
119160
119160
119162
119162
119163
119167
119167
119167
119167
119171
119171
119171
119171
119177
119177
119177
119180
119180
119180
119180
119184
119184
119185
119185
119185
119185
119185
119185
119185
119185
119186
119186
119199
119199
119201
119201
119201
119215
119223
119224
119224
119224
119232
119232
119232
119232
119234
119234
119235
119236
119242
119243
119245
119245
119245
119258
119258
119264
119270
119270
119271
119271
119271
119283
119283
119283
119283
119283
119283
119283
119283
119300
119300
119301
119301
119306
119306
119331
119331
119331
119331
119331
119331
119331
119331
119331
119332
119332
119332
119332
119334
119334
119334
119334
119335
119336
119337
119340
119350
119350
119351
119361
119361
119361
119361
119366
119366
119368
119368
119368
119368
119368
119368
119371
119371
119371
119371
119375
119375
119379
119379
119414
119414
119432
119432
119432
119432
119441
119441
119441
119442
119446
119453
119453
119453
119454
119461
119482
119482
119482
119482
119482
119482
119483
119483
119488
119488
119488
119489
119489
119489
119489
119489
119490
119490
119490
119490
119490
119490
119491
119491
119491
119500
119500
119500
119500
119500
119500
119503
119503
119503
119503
119503
119503
119503
119504
119504
119504
119514
119514
119514
119514
119514
119519
119519
119519
119519
119519
119520
119520
119520
119520
119520
119520
119521
119534
119541
119546
119546
119546
119548
119548
119549
119549
119550
119550
119550
119550
119550
119550
119550
119550
119550
119570
119572
119574
119580
119580
119588
119588
119588
119588
119588
119610
119610
119611
119613
119613
119613
119613
119614
119614
119635
119636
119636
119670
119670
119670
119670
119670
119670
119670
119671
119671
119671
119680
119680
119680
119681
119681
119681
119681
119691
119691
119691
119691
119691
119700
119700
119701
119701
119701
119701
119701
119701
119701
119701
119701
119701
119703
119703
119703
119715
119715
119715
119715
119715
119715
119715
119715
119715
119715
119715
119715
119720
119720
119720
119720
119727
119727
119727
119727
119727
119728
119728
119728
119729
119730
119732
119733
119739
119739
119739
119746
119747
119748
119748
119749
119750
119751
119752
119752
119753
119791
119791
119811
119812
119812
119820
119820
119820
119820
119842
119842
119845
119846
119848
119849
119870
119870
119870
119870
119870
119881
119896
119896
119897
119897
119897
119897
119897
119897
119898
119898
119898
119898
119898
119898
119899
119900
119900
119900
119900
119900
119900
119900
119900
119900
119900
119900
119900
119900
119900
119900
119900
119900
119900
119900
119901
119901
119901
119909
119909
119909
119909
119910
119917
119917
119918
119918
119918
119918
119918
119918
119918
119918
119920
119926
119932
119932
119932
119932
119932
119932
119933
119948
119948
119948
119948
119952
119952
119986
119987
120033
120048
120052
120080
120090
120090
120100
120100
120107
120115
120121
120163
120173
120200
120261
120301
120306
120324
120326
120341
120346
120353
120370
120371
120386
120396
120396
120413
120458
120513
120527
120545
120555
120555
120621
120628
120634
120639
120646
120681
120693
120748
120748
120760
120782
120840
120847
120861
120867
120873
120880
120910
120910
120960
120967
120977
120977
120980
120990
120990
121001
121001
121090
121094
121100
121107
121113
121161
121170
121170
121174
121180
121187
121194
121203
121203
121207
121221
121240
121246
121263
121263
121267
121273
121307
121315
121316
121320
121327
121333
121368
121368
121368
121369
121381
121381
121381
121381
121387
121387
121387
121420
121427
121434
121441
121455
121473
121488
121493
121501
121519
121527
121535
121541
121587
121594
121607
121614
121623
121623
121630
121630
121680
121688
121722
121733
121734
121747
121754
121760
121767
121787
121820
121820
121820
121820
121824
121824
121825
121844
121844
121847
121857
121857
121868
121873
121880
121943
121954
121967
121973
121987
121994
122001
122009
122009
122040
122040
122046
122054
122054
122095
122095
122100
122107
122114
122134
122184
122184
122184
122184
122228
122228
122228
122228
122231
122245
122250
122250
122255
122260
122270
122270
122274
122293
122344
122344
122354
122551
122559
122566
122573
122588
122588
122588
122638
122665
122679
122686
122686
122692
122697
122704
122711
122724
122771
122788
122788
122789
122789
122799
122799
122825
122845
122898
122898
122898
122898
122898
122911
122911
122998
123007
123051
123057
123123
123137
123144
123158
123230
123251
123260
123273
123292
123347
123372
123377
123392
123392
123400
123406
123407
123424
123465
123476
123485
123485
123504
123504
123505
123506
123518
123518
123537
123579
123584
123592
123599
123599
123605
123614
123614
123633
123633
123633
123639
123639
123653
123678
123678
123678
123678
123701
123701
123701
123701
123706
123719
123719
123760
123760
123760
123761
123774
123774
123774
123774
123786
123786
123786
123786
123819
123819
123820
123820
123824
123824
123824
123825
123826
123851
123851
123851
123851
123883
123883
123883
123885
123907
123907
123907
123907
123925
123925
123998
123998
123998
123999
124006
124006
124006
124006
124026
124026
124026
124027
124030
124030
124043
124067
124067
124067
124068
124080
124081
124093
124124
124145
124153
124153
124171
124171
124172
124187
124187
124197
124214
124240
124240
124260
124260
124260
124261
124266
124266
124271
124297
124307
124307
124311
124319
124321
124326
124326
124337
124346
124346
124360
124360
124408
124408
124408
124408
124419
124419
124419
124419
124442
124442
124442
124442
124446
124446
124446
124446
124452
124452
124459
124464
124472
124472
124510
124510
124511
124511
124527
124527
124528
124528
124530
124544
124544
124567
124567
124567
124567
124580
124580
124593
124605
124617
124640
124640
124640
124678
124678
124678
124699
124706
124715
124732
124732
124746
124763
124787
124787
124798
124823
124838
124850
124865
124892
124892
124899
124904
124911
124918
124925
124997
125186
125195
125195
125220
125227
125240
125247
125258
125295
125300
125306
125319
125376
125423
125468
125494
125494
125496
125582
125595
125595
125600
125612
125654
125660
125666
125673
125681
125735
125735
125735
125742
125742
125805
125813
125820
125833
125840
125874
125887
125933
125939
125953
125959
125988
126001
126013
126068
126068
126069
126080
126116
126116
126206
126215
126226
126261
126308
126374
126382
126394
126401
126421
126427
126433
126452
126460
126467
126517
126517
126529
126555
126555
126560
126567
126587
126587
126587
126609
126728
126728
126748
126748
126748
126748
126752
126781
126827
126827
126827
126827
126843
126843
126843
126844
126861
126861
126875
126875
126881
126896
126896
126961
126962
126962
126972
127028
127028
127093
127153
127247
127253
127296
127296
127303
127303
127313
127328
127360
127404
127485
127506
127506
127515
127553
127553
127654
127660
127685
127687
127706
127714
127739
127780
127787
127795
127795
127800
127847
127853
127866
127881
127888
127903
127969
127974
128047
128061
128135
128135
128135
128139
128149
128222
128222
128227
128234
128249
128249
128254
128261
128261
128267
128274
128281
128321
128321
128342
128346
128355
128360
128366
128381
128393
128406
128433
128502
128502
128502
128515
128573
128604
128604
128604
128605
128617
128617
128672
128699
128699
128699
128701
128701
128741
128741
128741
128793
128793
128846
128859
128880
128893
128907
128927
129129
129129
129129
129129
129133
129133
129149
129154
129167
129376
129413
129413
129423
129443
129468
129475
129529
129576
129578
129591
129595
129614
129622
129643
129643
129706
129706
129706
129727
129751
129764
129815
129828
129881
129889
129903
129908
129923
129929
129949
129949
129950
129961
129975
129988
129995
130103
130114
130210
130224
130293
130293
130313
130313
130313
130313
130443
130743
130750
130766
130766
130921
130921
130921
130921
130932
130932
130932
130971
130977
130997
130997
130997
131010
131011
131084
131091
131097
131772
131772
131944
131958
131963
131994
131994
131994
131994
132044
132057
132064
132118
132252
132253
132253
132253
132261
132261
132261
132261
132269
132300
132343
132430
132430
132439
132439
132450
132483
132490
132505
132518
132658
132664
132763
132770
132885
132885
133131
133456
133463
133470
133477
133731
133731
134289
134531
135003
135007
135007
135015
135019
135019
135026
135027
135027
135031
135035
135043
135049
135056
135061
135061
135062
135065
135069
135069
135072
135075
135081
135084
135085
135085
135099
135099
135099
135099
135099
135099
135099
135108
135112
135112
135112
135118
135118
135118
135118
135118
135132
135132
135135
135135
135139
135156
135156
135156
135159
135163
135167
135171
135184
135184
135184
135184
135184
135184
135199
135199
135199
135203
135203
135204
135215
135221
135221
135222
135222
135232
135232
135232
135239
135242
135244
135251
135251
135255
135259
135259
135259
135268
135268
135268
135268
135280
135280
135280
135283
135283
135283
135283
135288
135288
135288
135288
135291
135295
135296
135296
135296
135296
135299
135299
135303
135303
135308
135308
135308
135308
135310
135317
135319
135323
135323
135325
135326
135327
135327
135332
135334
135336
135340
135353
135354
135364
135367
135383
135385
135392
135392
135399
135399
135399
135399
135407
135407
135407
135420
135420
135420
135425
135427
135427
135451
135457
135457
135457
135459
135463
135464
135464
135470
135470
135470
135470
135472
135478
135478
135482
135482
135482
135485
135485
135489
135493
135497
135498
135499
135503
135503
135507
135507
135512
135512
135512
135518
135523
135531
135535
135535
135548
135548
135548
135548
135554
135556
135560
135567
135567
135578
135580
135580
135580
135580
135580
135580
135582
135583
135583
135584
135584
135584
135585
135595
135600
135600
135600
135603
135603
135607
135608
135608
135610
135611
135612
135616
135616
135616
135618
135619
135620
135620
135625
135626
135627
135627
135627
135627
135627
135627
135631
135632
135635
135636
135636
135639
135640
135641
135641
135643
135644
135644
135651
135655
135655
135656
135656
135656
135659
135663
135664
135664
135667
135668
135671
135672
135675
135675
135679
135679
135683
135684
135684
135687
135691
135693
135693
135693
135693
135693
135694
135694
135694
135694
135697
135697
135697
135697
135697
135699
135699
135699
135702
135703
135704
135706
135707
135711
135714
135714
135715
135715
135716
135723
135724
135729
135729
135729
135729
135729
135729
135730
135730
135731
135731
135733
135733
135733
135733
135735
135740
135746
135746
135746
135746
135746
135747
135747
135747
135747
135747
135747
135747
135747
135747
135747
135747
135747
135751
135756
135756
135756
135760
135760
135760
135760
135760
135763
135771
135775
135775
135785
135788
135788
135791
135796
135796
135796
135796
135803
135803
135803
135803
135803
135820
135820
135820
135826
135826
135831
135831
135845
135845
135852
135852
135852
135852
135873
135873
135873
135873
135876
135876
135876
135876
135876
135879
135905
135912
135912
135912
135912
135912
135913
135913
135919
135922
135922
135924
135924
135925
135938
135938
135938
135938
135938
135938
135943
135943
135945
135945
135948
135948
135948
135948
135948
135948
135948
135954
135956
135962
135964
135964
135964
135964
135964
135964
135964
135964
135964
135964
135966
135966
135967
135968
135972
135973
135973
135973
135973
135976
135976
135981
135984
135984
135987
135988
135991
135993
135997
135997
135997
135997
135997
135997
135997
135999
136001
136001
136004
136004
136005
136005
136005
136005
136013
136013
136016
136016
136016
136017
136017
136017
136017
136019
136019
136024
136024
136024
136026
136026
136026
136026
136026
136026
136028
136028
136029
136029
136029
136037
136037
136038
136040
136041
136042
136042
136043
136043
136043
136043
136043
136043
136045
136047
136047
136048
136049
136049
136049
136051
136052
136053
136055
136057
136059
136059
136064
136064
136071
136072
136074
136075
136076
136076
136076
136076
136077
136083
136083
136083
136088
136089
136091
136091
136091
136091
136095
136095
136095
136096
136096
136096
136096
136100
136100
136100
136100
136100
136102
136105
136105
136108
136109
136110
136110
136110
136110
136116
136116
136116
136117
136118
136118
136118
136119
136120
136123
136123
136123
136123
136125
136129
136129
136129
136133
136134
136136
136139
136142
136142
136143
136158
136158
136158
136158
136158
136158
136161
136161
136161
136162
136162
136162
136162
136162
136164
136173
136173
136176
136176
136176
136183
136183
136185
136185
136185
136185
136185
136185
136186
136188
136188
136190
136192
136195
136197
136199
136201
136201
136203
136203
136207
136212
136216
136216
136219
136221
136224
136224
136224
136227
136227
136227
136227
136229
136229
136229
136231
136231
136231
136237
136237
136237
136237
136238
136238
136238
136238
136238
136238
136238
136238
136238
136238
136238
136238
136239
136243
136243
136244
136247
136252
136252
136252
136255
136255
136258
136259
136259
136260
136260
136260
136260
136263
136265
136265
136265
136265
136265
136265
136265
136265
136271
136271
136279
136283
136283
136284
136285
136285
136287
136287
136287
136288
136291
136291
136292
136292
136292
136294
136294
136294
136294
136295
136297
136297
136297
136297
136297
136297
136298
136298
136298
136298
136298
136307
136307
136307
136307
136311
136311
136311
136312
136312
136315
136315
136316
136316
136316
136331
136335
136335
136336
136339
136348
136348
136348
136351
136354
136354
136355
136359
136359
136359
136362
136367
136372
136379
136383
136383
136384
136391
136396
136397
136403
136403
136406
136409
136409
136411
136412
136412
136416
136416
136416
136418
136421
136424
136424
136426
136427
136429
136429
136430
136435
136437
136437
136437
136437
136437
136440
136440
136443
136443
136448
136448
136448
136450
136450
136450
136450
136450
136450
136450
136450
136450
136450
136450
136450
136452
136458
136463
136467
136468
136468
136475
136475
136476
136479
136483
136487
136492
136492
136503
136503
136505
136507
136508
136532
136532
136539
136544
136545
136545
136545
136547
136548
136548
136556
136556
136556
136560
136560
136560
136560
136560
136560
136564
136564
136564
136570
136570
136570
136570
136570
136570
136570
136570
136570
136570
136570
136570
136570
136570
136570
136570
136570
136570
136570
136570
136570
136570
136570
136570
136570
136571
136571
136571
136571
136571
136571
136571
136571
136571
136572
136572
136572
136572
136573
136573
136573
136575
136575
136579
136580
136580
136580
136580
136581
136582
136583
136583
136583
136590
136590
136590
136590
136590
136591
136595
136596
136596
136600
136600
136602
136602
136602
136602
136602
136602
136604
136604
136607
136610
136610
136611
136614
136616
136617
136617
136617
136617
136617
136618
136620
136621
136621
136621
136621
136623
136623
136623
136623
136623
136623
136628
136633
136634
136634
136635
136635
136635
136635
136635
136638
136646
136646
136646
136647
136647
136647
136656
136656
136656
136659
136660
136660
136660
136660
136661
136667
136671
136671
136671
136671
136671
136674
136674
136674
136680
136680
136680
136680
136680
136681
136681
136686
136688
136688
136689
136691
136691
136692
136693
136693
136694
136694
136694
136694
136694
136699
136699
136699
136701
136701
136701
136711
136711
136712
136716
136717
136730
136730
136730
136730
136731
136737
136737
136738
136738
136738
136738
136739
136739
136741
136741
136741
136743
136743
136743
136748
136748
136749
136751
136751
136751
136751
136751
136759
136759
136761
136761
136761
136761
136764
136764
136766
136766
136768
136768
136769
136769
136774
136774
136774
136774
136781
136781
136781
136781
136781
136788
136791
136791
136791
136791
136796
136796
136799
136800
136800
136800
136800
136801
136803
136804
136804
136807
136810
136811
136811
136816
136816
136816
136819
136821
136821
136821
136821
136821
136821
136821
136821
136821
136835
136836
136836
136839
136839
136840
136840
136840
136840
136840
136840
136840
136840
136840
136841
136847
136851
136853
136853
136853
136853
136853
136855
136855
136859
136859
136860
136865
136869
136872
136872
136872
136872
136872
136872
136873
136875
136875
136875
136879
136879
136881
136881
136881
136883
136885
136888
136890
136890
136890
136892
136892
136892
136892
136892
136900
136910
136910
136912
136912
136920
136929
136929
136929
136929
136929
136929
136929
136941
136941
136941
136941
136942
136944
136944
136944
136944
136961
136961
136961
136961
136962
136966
136966
136999
136999
137000
137000
137005
137011
137011
137011
137011
137020
137021
137030
137030
137030
137036
137038
137038
137038
137038
137038
137041
137041
137041
137041
137041
137052
137052
137052
137052
137052
137060
137060
137060
137060
137071
137071
137071
137074
137086
137087
137090
137093
137095
137100
137101
137108
137108
137109
137123
137123
137140
137140
137140
137141
137141
137141
137143
137155
137170
137204
137215
137215
137251
137258
137275
137277
137284
137300
137300
137300
137300
137300
137301
137301
137316
137316
137316
137330
137330
137337
137350
137373
137374
137389
137389
137389
137400
137403
137410
137411
137417
137422
137427
137429
137429
137429
137429
137434
137448
137448
137454
137454
137454
137454
137460
137460
137460
137465
137468
137469
137491
137491
137491
137491
137491
137491
137491
137491
137494
137495
137500
137509
137509
137509
137509
137516
137516
137518
137518
137529
137529
137529
137529
137529
137529
137536
137547
137548
137548
137548
137548
137550
137560
137571
137571
137571
137571
137576
137580
137580
137580
137581
137586
137593
137600
137602
137612
137612
137612
137612
137612
137612
137612
137612
137616
137620
137620
137620
137628
137633
137633
137634
137639
137640
137640
137640
137640
137640
137640
137640
137640
137642
137642
137642
137642
137642
137650
137650
137650
137652
137667
137681
137681
137681
137681
137681
137681
137685
137685
137688
137688
137692
137694
137700
137705
137712
137719
137719
137720
137726
137726
137726
137726
137731
137731
137734
137739
137739
137739
137739
137745
137750
137750
137756
137756
137760
137765
137782
137790
137806
137810
137813
137821
137824
137824
137824
137824
137831
137831
137832
137832
137832
137833
137837
137840
137844
137873
137873
137874
137874
137874
137874
137879
137884
137884
137884
137890
137890
137890
137894
137908
137908
137908
137908
137908
137914
137920
137921
137921
137922
137922
137926
137940
137940
137948
137948
137949
137949
137955
137955
137955
137960
137971
137982
137996
137996
138008
138008
138008
138008
138008
138023
138026
138039
138039
138100
138100
138101
138110
138120
138148
138148
138148
138148
138151
138151
138151
138151
138156
138161
138161
138161
138161
138183
138183
138185
138186
138186
138190
138195
138201
138201
138211
138211
138211
138211
138220
138227
138233
138238
138245
138250
138255
138255
138257
138271
138271
138271
138281
138281
138281
138281
138284
138284
138284
138295
138307
138316
138317
138317
138317
138317
138318
138318
138318
138318
138318
138318
138320
138331
138334
138334
138334
138335
138338
138338
138338
138338
138343
138343
138343
138345
138351
138351
138351
138353
138353
138363
138369
138369
138376
138379
138398
138398
138398
138398
138398
138412
138412
138417
138417
138417
138417
138420
138426
138430
138431
138431
138431
138432
138432
138432
138435
138435
138439
138439
138440
138440
138442
138445
138449
138456
138456
138459
138461
138461
138461
138461
138461
138461
138461
138461
138461
138473
138476
138476
138476
138476
138476
138480
138480
138480
138480
138481
138481
138481
138481
138482
138482
138482
138482
138482
138482
138482
138485
138485
138485
138485
138485
138485
138485
138485
138485
138488
138488
138488
138488
138491
138496
138496
138499
138505
138505
138511
138511
138511
138512
138512
138512
138512
138512
138512
138519
138519
138520
138531
138531
138536
138536
138542
138542
138542
138542
138542
138546
138546
138546
138546
138552
138552
138552
138552
138557
138557
138557
138557
138557
138557
138557
138567
138567
138567
138567
138569
138569
138569
138569
138569
138569
138569
138569
138569
138569
138569
138569
138569
138573
138577
138577
138577
138577
138577
138577
138577
138577
138577
138577
138578
138588
138588
138591
138591
138592
138592
138592
138592
138592
138592
138592
138593
138593
138595
138596
138596
138598
138600
138600
138600
138600
138601
138601
138604
138609
138610
138610
138610
138614
138614
138614
138615
138617
138617
138617
138619
138630
138630
138633
138633
138633
138640
138640
138640
138640
138646
138646
138646
138646
138649
138650
138654
138654
138654
138654
138654
138654
138654
138654
138654
138655
138656
138656
138676
138676
138677
138677
138677
138680
138682
138682
138682
138685
138687
138687
138687
138687
138687
138687
138688
138688
138688
138688
138692
138692
138701
138703
138707
138707
138708
138708
138708
138708
138708
138709
138709
138711
138711
138712
138712
138712
138719
138720
138727
138727
138728
138728
138728
138728
138728
138728
138728
138728
138728
138730
138730
138730
138735
138736
138736
138743
138744
138744
138748
138748
138748
138749
138749
138749
138749
138749
138749
138749
138749
138750
138750
138750
138750
138750
138750
138750
138750
138750
138751
138751
138758
138758
138758
138758
138771
138771
138771
138781
138781
138781
138782
138782
138789
138789
138789
138789
138789
138789
138790
138790
138790
138790
138790
138790
138801
138801
138801
138801
138817
138817
138818
138818
138818
138820
138820
138820
138820
138820
138820
138827
138827
138827
138827
138830
138831
138831
138834
138838
138838
138838
138838
138841
138841
138846
138846
138850
138851
138851
138851
138852
138856
138861
138861
138861
138865
138870
138873
138873
138873
138873
138873
138880
138881
138883
138886
138886
138893
138900
138900
138901
138901
138901
138905
138909
138909
138909
138910
138915
138916
138916
138920
138921
138921
138921
138921
138923
138927
138928
138928
138928
138931
138931
138931
138940
138940
138940
138942
138951
138951
138951
138952
138952
138956
138959
138959
138965
138970
138970
138972
138972
138972
138972
138975
138975
138975
138976
138976
138976
138976
138976
138981
138981
138983
138985
138985
138991
138991
138993
138993
138993
138995
138997
138997
138999
139000
139001
139003
139003
139007
139010
139012
139012
139012
139012
139012
139012
139013
139015
139019
139020
139021
139021
139021
139023
139026
139026
139026
139026
139029
139032
139032
139032
139035
139037
139039
139040
139048
139049
139049
139049
139049
139049
139049
139051
139051
139052
139061
139061
139062
139062
139062
139062
139062
139062
139066
139066
139066
139080
139080
139083
139083
139085
139085
139086
139086
139091
139095
139095
139096
139099
139103
139112
139112
139112
139112
139113
139113
139113
139119
139119
139119
139119
139122
139123
139125
139131
139131
139131
139135
139135
139140
139140
139140
139140
139145
139145
139148
139149
139152
139152
139156
139156
139160
139161
139162
139168
139169
139169
139175
139176
139181
139181
139181
139181
139183
139183
139183
139184
139184
139190
139201
139201
139201
139201
139207
139212
139216
139218
139218
139221
139223
139223
139229
139232
139235
139240
139241
139241
139241
139247
139249
139249
139251
139251
139254
139259
139263
139263
139268
139268
139268
139269
139271
139280
139280
139282
139283
139283
139284
139284
139287
139290
139291
139291
139295
139296
139298
139299
139299
139302
139310
139311
139314
139320
139323
139330
139330
139335
139338
139338
139338
139338
139338
139338
139338
139342
139351
139355
139359
139359
139363
139367
139370
139370
139370
139370
139370
139371
139378
139378
139378
139384
139384
139384
139384
139385
139387
139389
139389
139391
139391
139395
139397
139399
139399
139399
139403
139410
139415
139418
139419
139423
139423
139426
139428
139430
139439
139439
139439
139439
139439
139439
139440
139443
139447
139450
139452
139455
139460
139460
139463
139467
139470
139470
139470
139471
139475
139481
139482
139488
139488
139491
139501
139501
139501
139501
139501
139501
139501
139502
139502
139502
139502
139502
139502
139502
139502
139502
139503
139503
139503
139504
139507
139507
139509
139509
139514
139519
139520
139520
139530
139530
139531
139531
139531
139531
139531
139536
139540
139545
139545
139545
139547
139550
139551
139557
139563
139570
139570
139570
139579
139580
139583
139587
139588
139594
139615
139615
139616
139620
139620
139623
139627
139630
139630
139630
139634
139637
139637
139638
139643
139646
139652
139652
139652
139652
139652
139652
139656
139665
139685
139688
139688
139688
139692
139692
139700
139700
139701
139701
139701
139701
139701
139706
139708
139711
139712
139715
139716
139717
139721
139725
139725
139727
139731
139735
139735
139739
139739
139747
139748
139760
139760
139760
139760
139760
139760
139760
139761
139761
139761
139761
139761
139762
139764
139765
139766
139766
139767
139767
139768
139771
139775
139778
139787
139791
139792
139795
139796
139802
139802
139824
139824
139824
139831
139831
139847
139848
139850
139853
139856
139856
139862
139867
139875
139883
139883
139883
139883
139883
139883
139883
139883
139884
139887
139892
139895
139898
139901
139901
139903
139905
139907
139910
139911
139914
139915
139918
139919
139923
139935
139936
139936
139936
139943
139943
139948
139948
139951
139955
139959
139959
139963
139963
139964
139972
139972
139972
139972
139972
139972
139974
139986
139991
139991
140004
140004
140005
140005
140005
140007
140007
140009
140009
140009
140009
140009
140013
140013
140013
140013
140014
140016
140019
140019
140019
140019
140019
140021
140022
140022
140022
140027
140028
140028
140028
140033
140036
140036
140036
140040
140040
140040
140042
140044
140047
140047
140048
140048
140049
140049
140049
140050
140056
140056
140057
140060
140060
140061
140063
140064
140064
140064
140064
140065
140065
140068
140068
140068
140072
140073
140073
140075
140075
140075
140075
140075
140079
140079
140079
140079
140081
140081
140083
140083
140083
140083
140083
140084
140084
140084
140084
140084
140084
140085
140085
140088
140088
140091
140093
140093
140093
140093
140100
140103
140103
140105
140105
140107
140108
140108
140108
140119
140121
140121
140121
140121
140121
140121
140123
140125
140125
140129
140131
140135
140140
140141
140141
140141
140144
140148
140148
140148
140148
140150
140151
140151
140152
140153
140154
140155
140156
140157
140158
140160
140161
140161
140161
140161
140162
140163
140163
140163
140164
140165
140165
140165
140168
140169
140169
140169
140171
140172
140173
140173
140173
140174
140174
140174
140174
140176
140177
140179
140180
140180
140181
140183
140184
140184
140184
140185
140186
140186
140186
140186
140187
140187
140187
140188
140188
140188
140189
140195
140195
140195
140200
140200
140200
140200
140200
140200
140205
140205
140205
140205
140205
140205
140205
140208
140208
140208
140208
140208
140208
140208
140208
140212
140212
140212
140215
140217
140217
140217
140217
140222
140224
140225
140225
140235
140239
140239
140240
140240
140240
140240
140240
140240
140240
140240
140240
140242
140247
140247
140249
140250
140250
140250
140250
140253
140253
140254
140255
140255
140255
140255
140256
140258
140258
140258
140258
140260
140260
140261
140261
140261
140261
140261
140262
140264
140265
140265
140266
140266
140266
140266
140266
140266
140267
140268
140269
140271
140271
140273
140274
140274
140276
140276
140276
140276
140276
140279
140279
140280
140280
140284
140285
140286
140286
140288
140288
140288
140288
140288
140288
140288
140289
140295
140295
140295
140295
140295
140295
140295
140296
140296
140296
140296
140296
140297
140299
140299
140299
140299
140299
140299
140299
140299
140299
140299
140300
140300
140301
140305
140305
140305
140306
140307
140307
140307
140309
140309
140311
140311
140315
140317
140317
140317
140325
140325
140326
140327
140327
140328
140335
140335
140335
140335
140335
140335
140335
140335
140336
140337
140337
140338
140338
140341
140341
140341
140341
140343
140343
140343
140346
140347
140349
140349
140349
140350
140352
140352
140352
140352
140352
140352
140352
140352
140352
140352
140352
140352
140352
140352
140352
140352
140352
140354
140355
140355
140356
140356
140356
140357
140359
140359
140359
140362
140363
140363
140366
140366
140366
140367
140370
140375
140376
140376
140378
140379
140379
140379
140380
140380
140380
140380
140380
140380
140380
140380
140381
140381
140381
140381
140381
140385
140385
140385
140387
140387
140387
140387
140387
140387
140389
140389
140391
140391
140392
140392
140392
140392
140395
140395
140395
140396
140401
140401
140402
140404
140406
140406
140411
140411
140411
140411
140411
140412
140412
140412
140412
140412
140412
140412
140412
140412
140412
140413
140413
140413
140414
140419
140419
140422
140422
140422
140422
140427
140427
140428
140429
140429
140430
140430
140431
140431
140431
140431
140434
140434
140434
140434
140434
140434
140434
140435
140435
140435
140436
140436
140442
140444
140444
140445
140445
140445
140445
140445
140445
140445
140446
140446
140446
140448
140448
140450
140450
140450
140450
140450
140451
140452
140461
140461
140461
140464
140465
140465
140465
140466
140466
140467
140467
140467
140467
140467
140467
140467
140470
140470
140470
140470
140470
140475
140483
140484
140488
140491
140492
140496
140508
140509
140509
140509
140514
140517
140517
140522
140523
140526
140527
140527
140527
140527
140527
140534
140534
140535
140542
140542
140542
140542
140542
140547
140547
140547
140547
140549
140549
140549
140549
140549
140549
140549
140549
140549
140549
140549
140549
140553
140553
140553
140553
140556
140556
140557
140560
140560
140560
140563
140564
140564
140568
140568
140575
140576
140580
140580
140584
140585
140585
140587
140591
140591
140591
140592
140597
140597
140597
140597
140598
140600
140600
140600
140602
140602
140602
140602
140620
140620
140620
140620
140620
140620
140620
140631
140634
140635
140636
140639
140640
140655
140656
140656
140656
140656
140656
140662
140662
140663
140663
140663
140665
140665
140665
140669
140669
140674
140674
140674
140674
140674
140674
140674
140674
140674
140674
140675
140675
140688
140700
140700
140704
140705
140708
140709
140712
140714
140717
140717
140717
140720
140720
140724
140724
140736
140738
140738
140738
140741
140741
140741
140744
140759
140759
140759
140768
140768
140768
140776
140776
140780
140780
140785
140797
140797
140801
140801
140801
140804
140804
140806
140814
140814
140814
140815
140815
140815
140815
140815
140817
140817
140817
140817
140821
140821
140824
140824
140826
140832
140832
140832
140832
140832
140833
140833
140833
140833
140833
140833
140833
140850
140854
140856
140856
140856
140858
140858
140858
140859
140859
140863
140864
140865
140865
140867
140868
140868
140871
140875
140875
140878
140879
140880
140880
140882
140883
140884
140886
140894
140895
140896
140896
140898
140899
140900
140903
140906
140907
140908
140911
140911
140914
140915
140918
140919
140928
140928
140928
140928
140931
140932
140932
140934
140934
140935
140936
140939
140942
140942
140942
140942
140946
140947
140950
140950
140950
140950
140951
140954
140958
140961
140963
140967
140970
140971
140974
140974
140974
140974
140974
140975
140975
140980
140984
140988
140988
140997
140997
140997
140999
140999
140999
141003
141007
141008
141008
141012
141012
141015
141020
141020
141024
141025
141027
141027
141028
141031
141031
141036
141036
141036
141040
141044
141045
141048
141048
141052
141052
141053
141054
141054
141054
141054
141054
141054
141057
141058
141058
141058
141058
141058
141058
141058
141058
141058
141059
141059
141059
141059
141059
141059
141059
141059
141059
141060
141060
141060
141064
141065
141065
141071
141071
141071
141071
141078
141078
141078
141078
141078
141078
141078
141079
141079
141079
141079
141079
141079
141095
141095
141098
141102
141103
141103
141103
141105
141107
141107
141108
141109
141109
141109
141109
141109
141109
141110
141111
141122
141122
141124
141128
141130
141130
141132
141136
141145
141145
141145
141145
141145
141146
141146
141147
141151
141151
141151
141151
141153
141153
141155
141156
141157
141160
141166
141170
141170
141170
141170
141170
141170
141170
141170
141176
141177
141177
141182
141182
141182
141182
141182
141182
141182
141188
141188
141193
141193
141193
141196
141197
141197
141197
141197
141197
141197
141198
141208
141209
141209
141209
141209
141209
141209
141210
141210
141210
141210
141210
141210
141210
141210
141210
141210
141210
141210
141210
141210
141210
141210
141210
141210
141210
141211
141211
141211
141211
141212
141212
141213
141213
141215
141216
141216
141216
141216
141217
141217
141217
141217
141217
141217
141218
141218
141220
141220
141220
141220
141220
141220
141220
141220
141220
141220
141220
141220
141220
141220
141220
141220
141220
141220
141220
141220
141220
141222
141222
141222
141222
141222
141222
141222
141226
141226
141226
141229
141229
141232
141232
141232
141234
141236
141236
141237
141237
141237
141237
141237
141238
141240
141241
141241
141241
141241
141241
141242
141243
141246
141247
141248
141248
141251
141251
141251
141251
141252
141252
141252
141252
141254
141258
141259
141259
141262
141262
141266
141266
141266
141266
141266
141266
141266
141266
141267
141267
141267
141267
141267
141267
141268
141268
141274
141276
141276
141276
141277
141279
141279
141280
141280
141284
141284
141284
141286
141286
141286
141287
141288
141288
141290
141291
141291
141292
141292
141292
141294
141295
141295
141297
141297
141297
141297
141297
141297
141297
141298
141299
141300
141300
141302
141302
141303
141304
141304
141304
141305
141306
141306
141306
141306
141306
141306
141307
141307
141307
141308
141308
141308
141309
141312
141312
141316
141316
141316
141316
141316
141320
141320
141323
141324
141324
141326
141327
141327
141327
141335
141335
141335
141335
141337
141337
141337
141340
141344
141349
141349
141349
141357
141357
141357
141357
141357
141357
141357
141360
141360
141360
141363
141363
141364
141366
141366
141366
141367
141367
141368
141368
141368
141368
141372
141372
141372
141372
141375
141375
141377
141377
141377
141378
141381
141381
141381
141382
141383
141383
141384
141386
141386
141386
141386
141387
141387
141387
141387
141392
141395
141395
141395
141395
141395
141396
141396
141396
141396
141396
141398
141398
141400
141400
141400
141401
141403
141403
141404
141404
141404
141404
141404
141407
141407
141408
141410
141410
141412
141415
141415
141416
141416
141417
141417
141417
141417
141417
141417
141417
141419
141420
141420
141420
141420
141420
141420
141423
141424
141424
141424
141424
141424
141424
141424
141424
141426
141426
141426
141428
141428
141434
141434
141434
141434
141434
141436
141436
141437
141440
141445
141446
141447
141447
141447
141447
141448
141448
141450
141451
141453
141453
141453
141455
141458
141458
141458
141458
141458
141459
141462
141463
141468
141468
141468
141468
141468
141475
141475
141476
141478
141479
141481
141482
141483
141488
141488
141488
141488
141488
141492
141493
141493
141493
141493
141494
141494
141494
141494
141494
141495
141495
141496
141499
141500
141501
141507
141507
141507
141508
141509
141510
141510
141510
141510
141510
141510
141512
141512
141513
141513
141515
141516
141517
141517
141533
141533
141533
141538
141546
141546
141546
141546
141549
141549
141549
141549
141551
141552
141552
141552
141552
141552
141552
141555
141555
141555
141555
141556
141556
141556
141558
141560
141560
141564
141564
141565
141567
141568
141568
141569
141569
141569
141587
141588
141593
141593
141593
141595
141595
141596
141597
141598
141599
141599
141599
141599
141599
141600
141604
141604
141604
141604
141604
141605
141605
141605
141605
141605
141605
141610
141610
141610
141610
141611
141611
141616
141624
141624
141624
141624
141624
141624
141624
141624
141624
141625
141625
141626
141626
141626
141626
141626
141626
141629
141629
141629
141629
141629
141629
141630
141630
141630
141630
141630
141630
141630
141630
141630
141631
141631
141631
141633
141633
141633
141633
141633
141633
141634
141634
141634
141644
141645
141649
141649
141649
141651
141651
141651
141652
141652
141652
141652
141652
141652
141652
141652
141652
141652
141653
141653
141653
141653
141653
141653
141653
141654
141654
141656
141656
141656
141658
141658
141658
141660
141668
141668
141668
141668
141669
141669
141669
141670
141676
141676
141676
141676
141676
141676
141676
141676
141679
141679
141679
141679
141683
141683
141688
141688
141688
141689
141689
141689
141689
141689
141689
141689
141689
141690
141691
141699
141699
141703
141703
141710
141735
141739
141739
141739
141739
141742
141747
141747
141749
141749
141751
141751
141757
141757
141757
141758
141762
141767
141767
141773
141777
141777
141778
141786
141788
141794
141806
141808
141813
141816
141817
141818
141819
141819
141819
141822
141822
141825
141826
141826
141831
141831
141834
141834
141834
141834
141834
141834
141834
141834
141834
141834
141834
141834
141835
141835
141835
141835
141835
141835
141839
141843
141843
141843
141846
141851
141851
141853
141855
141858
141860
141860
141862
141867
141869
141870
141870
141870
141870
141870
141870
141870
141871
141871
141871
141871
141871
141871
141871
141871
141871
141871
141872
141873
141874
141875
141877
141877
141877
141878
141879
141879
141879
141879
141881
141882
141882
141882
141882
141886
141887
141887
141887
141887
141887
141887
141887
141891
141891
141891
141894
141898
141899
141903
141903
141906
141908
141908
141908
141908
141908
141908
141908
141916
141927
141927
141930
141934
141936
141936
141936
141938
141943
141943
141943
141944
141946
141947
141948
141948
141948
141950
141951
141951
141951
141956
141956
141956
141956
141957
141957
141957
141957
141960
141960
141960
141960
141963
141963
141966
141966
141966
141966
141967
141967
141968
141971
141971
141974
141976
141976
141976
141976
141976
141976
141976
141983
141985
141987
141987
141993
141998
142003
142003
142015
142019
142019
142019
142022
142027
142027
142027
142027
142030
142033
142033
142037
142041
142041
142042
142042
142042
142043
142043
142051
142051
142053
142053
142053
142058
142071
142077
142079
142084
142086
142087
142087
142091
142092
142096
142096
142096
142096
142098
142098
142098
142098
142099
142099
142099
142099
142099
142100
142100
142100
142100
142101
142101
142101
142105
142109
142113
142116
142116
142117
142117
142117
142119
142119
142122
142127
142127
142131
142135
142135
142135
142135
142135
142135
142135
142135
142135
142136
142136
142136
142136
142136
142139
142143
142143
142147
142147
142147
142151
142151
142152
142155
142159
142166
142166
142166
142166
142167
142167
142167
142167
142167
142167
142167
142167
142167
142167
142167
142168
142168
142168
142168
142168
142168
142168
142168
142168
142168
142168
142168
142168
142168
142170
142171
142171
142174
142175
142176
142181
142181
142181
142181
142184
142184
142184
142190
142195
142199
142202
142202
142202
142202
142202
142202
142202
142202
142202
142203
142203
142203
142203
142203
142203
142203
142203
142203
142203
142203
142203
142203
142203
142203
142203
142203
142203
142203
142203
142203
142204
142204
142204
142204
142207
142207
142208
142208
142209
142209
142209
142209
142211
142211
142219
142224
142224
142228
142228
142232
142232
142234
142238
142245
142245
142245
142245
142247
142248
142249
142249
142249
142249
142249
142249
142249
142249
142249
142249
142249
142249
142249
142249
142249
142249
142250
142250
142250
142252
142254
142254
142255
142255
142256
142258
142258
142260
142260
142260
142260
142260
142263
142266
142266
142266
142266
142267
142267
142268
142268
142268
142268
142269
142272
142272
142276
142276
142276
142280
142283
142283
142286
142292
142292
142293
142293
142293
142304
142307
142309
142309
142309
142315
142316
142316
142318
142318
142319
142319
142325
142328
142328
142328
142329
142329
142330
142330
142334
142334
142334
142334
142334
142335
142337
142337
142337
142338
142341
142341
142341
142344
142344
142344
142344
142345
142346
142347
142347
142347
142347
142347
142347
142347
142347
142347
142350
142350
142350
142350
142350
142350
142350
142351
142351
142353
142355
142355
142358
142358
142358
142360
142360
142364
142364
142372
142376
142377
142377
142377
142382
142382
142382
142382
142382
142384
142386
142387
142391
142392
142393
142396
142396
142396
142397
142397
142398
142399
142400
142400
142404
142404
142406
142406
142407
142408
142412
142412
142415
142416
142417
142417
142420
142420
142424
142424
142424
142425
142427
142429
142429
142430
142432
142432
142433
142436
142436
142443
142445
142445
142448
142448
142448
142448
142448
142451
142451
142460
142461
142464
142464
142465
142466
142466
142476
142476
142476
142476
142476
142476
142476
142477
142477
142481
142482
142482
142482
142484
142484
142486
142486
142486
142486
142486
142486
142488
142494
142494
142494
142494
142494
142494
142494
142495
142496
142497
142502
142502
142502
142508
142508
142511
142511
142515
142515
142516
142519
142523
142524
142526
142527
142527
142529
142529
142532
142533
142533
142533
142533
142533
142535
142535
142537
142539
142540
142547
142547
142547
142547
142552
142557
142557
142557
142557
142557
142557
142559
142561
142561
142561
142562
142562
142562
142564
142564
142564
142564
142565
142565
142565
142566
142567
142567
142568
142569
142570
142570
142570
142570
142570
142574
142577
142577
142577
142577
142577
142577
142577
142577
142578
142578
142578
142581
142581
142581
142581
142581
142582
142582
142584
142584
142584
142586
142586
142587
142587
142589
142589
142589
142589
142589
142589
142589
142589
142589
142590
142591
142594
142604
142606
142606
142606
142607
142608
142608
142612
142612
142612
142612
142616
142616
142616
142616
142616
142616
142616
142617
142620
142622
142624
142624
142624
142624
142625
142625
142626
142626
142626
142626
142626
142627
142627
142629
142631
142632
142633
142635
142636
142636
142638
142638
142638
142639
142641
142643
142644
142644
142646
142647
142649
142649
142651
142652
142654
142654
142655
142657
142658
142658
142658
142658
142658
142659
142660
142660
142661
142668
142672
142672
142677
142677
142677
142679
142679
142680
142682
142682
142682
142683
142683
142683
142683
142684
142684
142698
142698
142702
142702
142702
142704
142710
142710
142710
142710
142710
142710
142710
142710
142710
142710
142711
142711
142711
142711
142712
142716
142720
142721
142721
142724
142725
142726
142726
142727
142727
142728
142736
142736
142736
142736
142740
142740
142744
142744
142744
142745
142745
142745
142745
142746
142749
142749
142749
142749
142749
142752
142752
142752
142752
142756
142757
142757
142760
142766
142768
142768
142768
142768
142768
142768
142768
142770
142775
142777
142777
142777
142778
142781
142781
142781
142783
142783
142784
142784
142785
142787
142787
142788
142791
142791
142795
142795
142796
142797
142797
142797
142799
142799
142803
142803
142804
142805
142805
142819
142819
142821
142821
142821
142821
142821
142821
142823
142823
142826
142830
142830
142830
142830
142838
142838
142838
142838
142839
142839
142839
142839
142839
142839
142839
142839
142839
142840
142840
142840
142840
142840
142840
142841
142841
142842
142843
142843
142843
142843
142844
142845
142846
142853
142853
142853
142857
142857
142859
142859
142859
142859
142859
142860
142861
142862
142864
142869
142869
142871
142871
142871
142883
142885
142885
142887
142887
142887
142888
142895
142895
142896
142897
142901
142912
142912
142912
142912
142912
142913
142914
142914
142915
142916
142916
142917
142917
142917
142917
142917
142917
142917
142917
142917
142917
142920
142920
142920
142921
142922
142926
142930
142930
142930
142930
142931
142931
142931
142931
142931
142931
142931
142931
142936
142937
142937
142937
142937
142937
142937
142943
142951
142951
142951
142951
142954
142954
142954
142957
142957
142957
142957
142957
142957
142957
142957
142959
142959
142961
142961
142961
142961
142961
142961
142961
142961
142961
142961
142961
142968
142968
142973
142973
142973
142974
142979
142979
142983
142983
142983
142983
142985
142985
142985
142985
142991
142991
142991
142991
142996
142996
143009
143009
143010
143012
143015
143015
143015
143018
143019
143019
143020
143020
143021
143021
143023
143023
143026
143027
143031
143036
143039
143039
143042
143043
143043
143043
143043
143045
143048
143048
143048
143052
143053
143056
143057
143057
143059
143059
143059
143059
143059
143059
143059
143059
143059
143066
143083
143083
143083
143086
143091
143099
143099
143104
143104
143104
143104
143104
143104
143105
143108
143110
143112
143112
143114
143114
143114
143114
143116
143116
143116
143117
143118
143120
143120
143121
143123
143123
143126
143126
143136
143136
143136
143136
143137
143139
143139
143140
143142
143142
143144
143144
143144
143146
143146
143147
143147
143147
143147
143152
143154
143157
143157
143160
143165
143165
143171
143172
143172
143173
143173
143175
143175
143176
143176
143179
143179
143185
143185
143185
143185
143185
143185
143186
143186
143186
143186
143186
143186
143186
143186
143186
143186
143186
143186
143187
143188
143188
143188
143188
143189
143189
143189
143191
143191
143191
143194
143194
143194
143199
143200
143204
143204
143206
143206
143206
143206
143206
143207
143207
143207
143214
143215
143215
143217
143217
143220
143220
143220
143220
143220
143221
143221
143221
143221
143221
143221
143221
143221
143221
143221
143221
143222
143224
143225
143228
143228
143231
143231
143231
143231
143231
143231
143232
143236
143239
143239
143239
143239
143239
143239
143239
143239
143239
143242
143244
143244
143247
143247
143248
143248
143248
143249
143249
143249
143249
143250
143250
143252
143252
143252
143253
143253
143254
143254
143254
143256
143260
143262
143262
143262
143262
143264
143264
143266
143266
143267
143267
143268
143268
143268
143268
143268
143268
143269
143271
143271
143276
143277
143280
143280
143283
143283
143284
143284
143284
143286
143286
143286
143288
143288
143288
143288
143290
143290
143290
143290
143290
143290
143293
143293
143293
143293
143293
143295
143296
143296
143298
143301
143303
143304
143305
143305
143310
143315
143315
143315
143315
143319
143319
143319
143320
143320
143320
143321
143321
143327
143327
143328
143333
143334
143334
143334
143334
143334
143336
143336
143337
143337
143337
143347
143351
143351
143351
143351
143355
143356
143357
143358
143358
143358
143358
143358
143365
143367
143367
143371
143371
143373
143373
143374
143375
143375
143376
143377
143380
143384
143385
143390
143391
143391
143391
143391
143392
143392
143393
143393
143396
143396
143396
143400
143400
143400
143400
143400
143421
143424
143424
143424
143424
143425
143425
143425
143425
143425
143425
143425
143425
143425
143425
143425
143425
143426
143427
143427
143427
143427
143427
143429
143429
143429
143432
143432
143432
143433
143433
143433
143433
143436
143436
143439
143439
143439
143439
143439
143439
143439
143439
143440
143440
143444
143444
143444
143445
143445
143445
143445
143446
143447
143451
143458
143458
143459
143460
143464
143464
143464
143465
143465
143465
143466
143466
143467
143467
143467
143468
143469
143472
143472
143480
143480
143480
143481
143484
143485
143485
143486
143487
143487
143487
143488
143492
143493
143493
143494
143494
143496
143498
143498
143498
143498
143500
143501
143504
143504
143504
143504
143505
143505
143506
143506
143507
143507
143508
143511
143514
143514
143514
143521
143524
143524
143526
143536
143536
143536
143536
143536
143542
143542
143542
143542
143542
143542
143542
143543
143543
143546
143546
143546
143546
143546
143549
143549
143549
143550
143550
143553
143553
143553
143554
143554
143554
143555
143555
143556
143556
143557
143557
143560
143564
143564
143566
143566
143567
143568
143568
143569
143570
143571
143573
143573
143575
143575
143575
143576
143577
143577
143577
143577
143578
143578
143578
143578
143581
143581
143581
143584
143584
143584
143588
143588
143588
143589
143591
143591
143591
143593
143593
143594
143595
143595
143600
143600
143601
143601
143604
143604
143604
143604
143604
143604
143608
143608
143608
143608
143608
143611
143611
143611
143614
143615
143615
143615
143615
143618
143619
143623
143623
143623
143626
143627
143627
143631
143631
143631
143633
143634
143635
143635
143636
143636
143636
143641
143641
143641
143648
143648
143652
143652
143652
143652
143652
143652
143653
143656
143656
143656
143656
143656
143656
143656
143656
143657
143657
143659
143659
143659
143659
143659
143659
143659
143660
143660
143662
143666
143670
143672
143672
143672
143672
143672
143673
143673
143673
143678
143686
143686
143686
143686
143691
143691
143691
143691
143694
143697
143697
143702
143713
143713
143717
143717
143717
143718
143721
143721
143721
143723
143723
143727
143727
143727
143731
143731
143734
143734
143742
143743
143743
143743
143743
143743
143743
143744
143744
143745
143745
143746
143748
143748
143750
143750
143756
143756
143756
143756
143756
143760
143760
143760
143760
143765
143765
143765
143765
143768
143768
143768
143768
143768
143768
143769
143770
143771
143772
143772
143774
143781
143781
143781
143781
143781
143781
143781
143783
143784
143787
143787
143787
143788
143788
143791
143792
143792
143794
143795
143798
143799
143799
143800
143800
143801
143801
143802
143802
143802
143802
143802
143802
143802
143802
143802
143803
143804
143806
143806
143808
143808
143812
143815
143815
143815
143816
143816
143816
143816
143817
143817
143822
143822
143826
143827
143830
143831
143837
143837
143837
143837
143838
143840
143840
143843
143844
143844
143846
143846
143853
143853
143853
143854
143856
143858
143859
143859
143862
143866
143870
143870
143870
143870
143870
143871
143874
143884
143884
143886
143886
143886
143890
143893
143893
143893
143893
143894
143894
143894
143894
143894
143895
143895
143895
143895
143897
143897
143897
143899
143899
143900
143900
143901
143902
143903
143904
143904
143904
143904
143905
143905
143907
143907
143907
143910
143911
143915
143915
143915
143915
143915
143916
143916
143916
143916
143916
143917
143917
143917
143919
143919
143920
143920
143923
143923
143927
143927
143927
143931
143931
143931
143934
143937
143937
143937
143944
143947
143947
143947
143947
143947
143947
143950
143951
143951
143952
143952
143953
143953
143954
143954
143955
143956
143956
143957
143957
143958
143958
143961
143961
143962
143964
143966
143966
143966
143966
143970
143971
143973
143974
143975
143980
143981
143982
143983
143983
143986
143986
143986
143999
143999
143999
144000
144006
144007
144009
144012
144012
144015
144016
144016
144016
144016
144017
144020
144020
144020
144024
144024
144024
144030
144030
144030
144030
144030
144032
144035
144036
144036
144037
144037
144040
144043
144046
144054
144054
144054
144054
144056
144056
144056
144060
144060
144061
144064
144066
144066
144066
144076
144083
144086
144086
144087
144087
144088
144090
144091
144093
144093
144097
144097
144100
144103
144103
144104
144106
144107
144108
144108
144108
144108
144108
144112
144113
144113
144113
144116
144121
144121
144121
144123
144127
144127
144129
144129
144129
144130
144130
144135
144137
144137
144137
144138
144143
144143
144146
144147
144147
144148
144148
144148
144149
144149
144152
144153
144156
144161
144161
144164
144164
144165
144166
144166
144167
144169
144169
144169
144169
144169
144171
144171
144171
144171
144178
144179
144184
144184
144185
144187
144187
144187
144187
144188
144190
144192
144195
144195
144195
144195
144195
144195
144196
144200
144200
144201
144201
144201
144202
144202
144203
144203
144203
144203
144203
144203
144203
144203
144204
144206
144206
144207
144207
144208
144209
144211
144212
144213
144214
144214
144215
144216
144216
144217
144218
144218
144218
144220
144225
144225
144225
144225
144225
144225
144225
144225
144225
144225
144225
144225
144225
144225
144226
144229
144229
144231
144234
144234
144234
144234
144236
144236
144239
144239
144242
144242
144242
144245
144245
144247
144248
144248
144248
144248
144248
144248
144248
144248
144248
144248
144249
144249
144250
144258
144262
144264
144266
144269
144269
144274
144279
144279
144279
144283
144286
144299
144299
144303
144303
144303
144303
144303
144303
144307
144307
144307
144307
144308
144314
144336
144336
144336
144336
144336
144336
144336
144336
144336
144337
144342
144342
144342
144343
144343
144343
144344
144346
144347
144347
144348
144348
144351
144351
144351
144352
144352
144352
144354
144355
144355
144355
144355
144359
144360
144363
144363
144367
144367
144367
144371
144375
144375
144377
144377
144378
144378
144378
144378
144378
144387
144396
144396
144396
144396
144396
144396
144397
144397
144397
144397
144398
144398
144400
144400
144400
144401
144401
144401
144401
144401
144401
144406
144406
144406
144407
144408
144412
144412
144412
144412
144416
144416
144421
144421
144421
144421
144424
144425
144425
144425
144425
144426
144426
144428
144428
144435
144435
144435
144436
144436
144436
144444
144448
144452
144452
144456
144456
144457
144459
144459
144460
144460
144484
144504
144504
144508
144516
144519
144519
144519
144520
144522
144527
144527
144528
144529
144529
144529
144529
144531
144532
144532
144539
144539
144540
144544
144544
144546
144546
144546
144546
144548
144548
144554
144555
144555
144556
144559
144563
144564
144564
144565
144565
144571
144571
144571
144571
144571
144571
144571
144574
144574
144574
144574
144574
144574
144575
144576
144576
144576
144577
144578
144580
144580
144581
144581
144583
144584
144584
144584
144584
144584
144584
144585
144586
144587
144587
144588
144589
144589
144589
144590
144592
144600
144601
144601
144601
144601
144601
144604
144604
144605
144605
144605
144606
144606
144606
144606
144606
144609
144610
144610
144610
144610
144610
144610
144610
144610
144611
144612
144616
144616
144616
144616
144616
144616
144616
144616
144617
144619
144620
144621
144621
144621
144622
144623
144624
144624
144626
144626
144627
144628
144628
144628
144631
144632
144634
144634
144640
144644
144644
144648
144648
144649
144652
144653
144653
144653
144653
144654
144654
144654
144666
144666
144672
144672
144673
144673
144673
144673
144673
144673
144686
144687
144688
144688
144689
144691
144691
144691
144691
144691
144691
144691
144692
144692
144693
144694
144694
144694
144694
144694
144694
144694
144695
144696
144697
144702
144702
144702
144702
144703
144703
144703
144703
144703
144703
144703
144703
144703
144703
144703
144705
144718
144718
144718
144718
144725
144725
144725
144725
144725
144725
144725
144725
144727
144732
144733
144734
144736
144736
144736
144736
144737
144737
144740
144745
144747
144747
144747
144748
144748
144748
144748
144748
144748
144748
144748
144748
144752
144752
144757
144757
144757
144758
144759
144761
144761
144761
144761
144761
144761
144761
144761
144761
144761
144762
144762
144762
144765
144765
144765
144768
144768
144769
144769
144769
144769
144770
144770
144771
144771
144771
144773
144773
144773
144774
144777
144777
144779
144780
144781
144783
144783
144783
144783
144787
144793
144793
144793
144795
144795
144795
144801
144801
144804
144804
144804
144804
144804
144804
144804
144805
144805
144805
144805
144805
144805
144806
144806
144808
144808
144814
144814
144814
144814
144814
144814
144814
144814
144817
144822
144822
144823
144823
144823
144823
144823
144823
144824
144824
144824
144824
144824
144824
144824
144824
144825
144825
144826
144828
144828
144828
144831
144834
144834
144834
144834
144835
144835
144837
144843
144843
144848
144848
144848
144848
144848
144853
144853
144853
144863
144863
144863
144865
144868
144868
144870
144872
144872
144874
144874
144880
144883
144885
144885
144885
144887
144887
144888
144888
144890
144890
144895
144895
144895
144895
144895
144896
144901
144901
144901
144904
144905
144909
144909
144909
144913
144913
144913
144917
144917
144917
144917
144917
144917
144917
144917
144918
144921
144921
144922
144922
144924
144924
144927
144927
144927
144927
144927
144927
144927
144930
144935
144935
144935
144935
144935
144935
144935
144936
144938
144940
144941
144942
144942
144942
144943
144944
144944
144944
144945
144945
144945
144945
144945
144945
144948
144950
144950
144951
144951
144951
144951
144954
144954
144958
144958
144960
144963
144963
144963
144963
144963
144965
144965
144965
144966
144966
144969
144969
144973
144973
144973
144976
144977
144981
144981
144982
144982
144988
144988
144996
144996
144996
144996
145000
145013
145133
145153
145176
145200
145287
145316
145316
145362
145468
145468
145470
145473
145487
145627
145668
145720
145781
145801
145928
145934
145981
146037
146067
146096
146097
146116
146116
146129
146627
146627
146846
147072
147192
147219
147239
147266
147279
147408
147408
147425
147472
147491
147506
147527
147584
147612
147612
147707
147767
147788
147800
147816
147818
147831
147854
147854
147859
147878
147898
147928
147928
147955
148058
148091
148138
148160
148173
148252
148271
148345
148631
148653
148653
148672
148678
148698
148705
148721
148727
148727
148742
148742
148753
148753
148760
148792
149001
149013
149059
149098
149186
149225
149300
149323
149340
149344
149379
149418
149458
149534
149611
150063
150103
150177
150222
150243
150264
150289
150316
150329
150357
150383
150389
150402
150409
150422
150463
150463
150484
150496
150516
150551
150551
150556
150577
150589
150636
150650
150689
150711
150724
150729
150757
150764
150770
150795
150804
150816
150837
150857
150871
150876
150897
150928
150957
150998
151023
151048
151117
151142
151175
151195
151217
151235
151282
151363
151363
151404
151404
151422
151435
151449
151468
151498
151522
151542
151610
151677
151724
151735
151831
151870
151934
151934
151961
151976
152009
152030
152062
152095
152171
152171
152243
152276
152404
152425
152437
152458
152537
152576
152663
152702
152775
152797
152797
152843
152896
152896
152903
152916
152929
152948
152977
153005
153036
153037
153098
153109
153129
153143
153163
153177
153203
153204
153218
153218
153250
153278
153278
153290
153290
153303
153310
153318
153322
153336
153350
153350
153356
153383
153396
153409
153438
153438
153450
153470
153477
153516
153516
153529
153537
153589
153608
153622
153638
153649
153664
153677
153683
153690
153763
153777
153782
153803
153818
153824
153849
153990
154020
154020
154036
154055
154085
154101
154109
154130
154155
154175
154189
154236
154243
154258
154268
154289
154315
154507
154509
154524
154537
154551
154576
154603
154657
154663
154677
154697
154704
154764
154764
154776
154804
154804
154819
154831
154863
154876
154890
154904
154926
154930
154958
154958
154965
154999
154999
154999
155008
155008
155014
155014
155014
155014
155014
155017
155017
155017
155017
155018
155019
155022
155022
155022
155022
155022
155022
155022
155022
155023
155026
155028
155032
155032
155032
155037
155039
155039
155039
155042
155044
155044
155045
155047
155048
155049
155051
155051
155051
155052
155054
155056
155056
155060
155061
155062
155066
155066
155066
155067
155068
155084
155085
155085
155088
155088
155089
155089
155092
155104
155104
155105
155108
155108
155113
155113
155116
155122
155122
155122
155128
155131
155134
155134
155138
155138
155138
155138
155138
155138
155138
155138
155143
155143
155146
155146
155154
155154
155156
155156
155156
155156
155156
155157
155157
155157
155158
155158
155159
155164
155164
155164
155164
155166
155166
155166
155167
155168
155168
155170
155175
155176
155176
155176
155176
155176
155182
155182
155187
155187
155187
155187
155187
155188
155188
155188
155191
155195
155195
155195
155195
155195
155195
155195
155207
155207
155207
155207
155207
155214
155214
155214
155214
155225
155225
155227
155232
155232
155232
155234
155234
155236
155236
155239
155248
155249
155250
155250
155250
155250
155250
155250
155254
155266
155266
155266
155266
155266
155266
155267
155267
155268
155280
155281
155281
155281
155282
155282
155284
155285
155288
155288
155292
155292
155292
155294
155294
155294
155296
155297
155297
155297
155297
155297
155305
155305
155306
155307
155308
155309
155314
155315
155315
155316
155317
155318
155318
155318
155318
155318
155318
155320
155326
155327
155328
155328
155328
155329
155332
155332
155336
155336
155340
155340
155344
155344
155346
155348
155348
155350
155353
155353
155354
155356
155356
155362
155370
155374
155375
155375
155376
155376
155377
155377
155380
155382
155382
155387
155389
155396
155396
155396
155397
155397
155397
155397
155397
155397
155397
155397
155397
155397
155397
155397
155401
155405
155405
155405
155405
155407
155407
155412
155412
155416
155416
155421
155421
155421
155421
155421
155421
155422
155429
155431
155431
155434
155441
155441
155441
155451
155451
155451
155451
155451
155454
155456
155456
155461
155463
155465
155465
155465
155465
155466
155466
155466
155466
155475
155475
155476
155476
155477
155478
155480
155480
155481
155481
155485
155486
155486
155487
155487
155487
155487
155487
155490
155492
155492
155492
155492
155492
155492
155497
155497
155497
155502
155502
155502
155502
155503
155504
155504
155505
155505
155509
155511
155512
155528
155528
155528
155531
155533
155533
155533
155534
155535
155536
155537
155539
155540
155542
155548
155548
155550
155551
155551
155552
155553
155553
155553
155555
155557
155557
155561
155563
155566
155567
155567
155567
155567
155570
155571
155572
155572
155572
155574
155576
155576
155578
155578
155578
155578
155582
155587
155587
155590
155590
155591
155592
155597
155599
155600
155609
155612
155617
155617
155620
155620
155620
155620
155620
155620
155620
155620
155620
155633
155635
155635
155635
155635
155635
155635
155635
155635
155635
155636
155636
155636
155636
155636
155636
155636
155636
155646
155647
155649
155649
155650
155650
155657
155657
155658
155658
155664
155664
155664
155667
155667
155667
155667
155668
155670
155672
155673
155673
155674
155674
155675
155675
155675
155678
155678
155681
155682
155682
155682
155682
155686
155687
155687
155687
155687
155697
155697
155697
155698
155702
155702
155702
155702
155709
155709
155709
155710
155710
155710
155714
155723
155723
155723
155723
155726
155728
155730
155733
155734
155734
155734
155734
155734
155734
155735
155735
155735
155738
155744
155748
155748
155750
155750
155750
155750
155753
155753
155753
155758
155758
155758
155758
155758
155758
155762
155762
155766
155766
155766
155766
155773
155773
155773
155776
155777
155781
155781
155782
155786
155786
155788
155788
155793
155793
155793
155798
155798
155799
155799
155801
155801
155801
155801
155802
155802
155803
155803
155803
155803
155804
155804
155806
155806
155807
155810
155810
155814
155814
155814
155818
155818
155818
155822
155824
155824
155824
155824
155824
155824
155824
155825
155827
155834
155834
155834
155834
155838
155838
155838
155839
155839
155839
155839
155839
155839
155840
155840
155842
155842
155843
155843
155843
155843
155845
155845
155846
155846
155847
155847
155848
155849
155849
155849
155850
155856
155856
155860
155860
155862
155864
155864
155866
155867
155867
155867
155867
155868
155868
155868
155871
155871
155872
155872
155874
155874
155876
155876
155876
155880
155881
155881
155881
155882
155883
155883
155884
155886
155890
155891
155891
155894
155895
155895
155895
155896
155897
155898
155898
155899
155899
155900
155900
155900
155901
155901
155902
155902
155903
155903
155904
155904
155906
155915
155915
155916
155917
155924
155927
155930
155931
155934
155934
155934
155934
155934
155935
155935
155935
155935
155935
155935
155938
155939
155940
155940
155943
155943
155946
155946
155946
155946
155947
155947
155950
155951
155952
155952
155953
155953
155953
155955
155955
155956
155956
155957
155959
155959
155959
155960
155960
155961
155961
155964
155964
155967
155968
155968
155968
155968
155969
155970
155972
155972
155973
155973
155975
155975
155975
155975
155975
155975
155977
155979
155979
155979
155983
155983
155983
155983
155983
155983
155983
155983
155983
155983
155983
155986
155987
155987
155988
155993
155993
155997
156007
156007
156010
156011
156016
156016
156018
156023
156023
156024
156024
156028
156028
156028
156029
156031
156032
156032
156033
156033
156036
156036
156036
156040
156040
156042
156042
156042
156042
156044
156047
156048
156052
156052
156052
156052
156052
156052
156052
156052
156052
156052
156052
156058
156058
156058
156062
156064
156064
156064
156064
156066
156070
156070
156070
156070
156070
156070
156070
156072
156074
156076
156076
156077
156077
156078
156082
156083
156083
156083
156083
156086
156087
156089
156089
156089
156090
156096
156096
156097
156097
156100
156102
156103
156108
156108
156108
156110
156113
156114
156115
156126
156130
156133
156134
156134
156139
156139
156154
156155
156155
156155
156158
156159
156160
156166
156170
156183
156183
156183
156183
156183
156183
156184
156184
156184
156184
156184
156184
156188
156188
156192
156204
156204
156208
156208
156212
156216
156216
156218
156218
156218
156220
156220
156222
156222
156223
156223
156224
156224
156226
156229
156229
156232
156232
156236
156251
156251
156256
156260
156260
156271
156271
156271
156271
156271
156282
156286
156290
156307
156316
156324
156324
156324
156324
156330
156336
156340
156343
156343
156343
156347
156347
156347
156350
156351
156351
156351
156352
156354
156355
156356
156356
156357
156357
156358
156359
156360
156362
156367
156367
156367
156371
156371
156374
156377
156377
156377
156377
156377
156377
156377
156378
156378
156378
156378
156378
156378
156380
156382
156387
156387
156387
156390
156390
156393
156393
156393
156393
156394
156394
156395
156395
156395
156395
156395
156395
156396
156396
156398
156410
156410
156410
156410
156410
156410
156410
156410
156410
156410
156416
156417
156418
156420
156422
156422
156422
156423
156424
156426
156427
156429
156430
156432
156433
156433
156434
156434
156434
156434
156434
156437
156437
156437
156437
156440
156441
156444
156445
156445
156445
156446
156461
156461
156477
156477
156486
156486
156486
156486
156486
156488
156488
156488
156488
156488
156488
156488
156488
156488
156488
156488
156488
156488
156488
156489
156489
156489
156489
156489
156490
156496
156496
156496
156498
156499
156499
156500
156500
156500
156500
156500
156504
156504
156504
156508
156508
156508
156508
156509
156509
156509
156509
156512
156513
156513
156514
156514
156516
156516
156520
156520
156520
156520
156529
156529
156529
156529
156534
156534
156534
156534
156535
156535
156535
156538
156545
156545
156545
156545
156545
156549
156549
156549
156549
156549
156551
156555
156557
156557
156564
156564
156567
156567
156568
156568
156568
156569
156576
156576
156577
156578
156579
156580
156581
156582
156584
156584
156586
156586
156588
156588
156588
156588
156593
156593
156593
156593
156594
156594
156595
156602
156603
156603
156604
156604
156604
156604
156604
156604
156607
156607
156610
156614
156614
156614
156614
156614
156614
156614
156614
156624
156625
156625
156625
156626
156626
156626
156626
156627
156632
156632
156632
156632
156632
156633
156633
156633
156633
156633
156633
156633
156633
156633
156633
156633
156633
156633
156633
156633
156633
156633
156633
156633
156633
156634
156636
156636
156641
156641
156641
156641
156641
156642
156642
156642
156642
156646
156648
156648
156648
156648
156648
156648
156650
156650
156652
156655
156668
156668
156668
156668
156668
156668
156668
156668
156674
156675
156675
156678
156678
156678
156678
156678
156678
156678
156678
156680
156682
156682
156684
156684
156685
156688
156688
156690
156692
156692
156692
156695
156708
156708
156708
156708
156708
156712
156712
156715
156731
156731
156731
156731
156731
156732
156735
156737
156737
156737
156739
156740
156740
156740
156748
156748
156754
156754
156754
156754
156754
156756
156756
156759
156759
156775
156780
156781
156781
156796
156796
156797
156797
156797
156801
156801
156801
156806
156808
156808
156812
156812
156814
156814
156814
156822
156822
156822
156822
156830
156831
156831
156831
156831
156832
156832
156834
156834
156834
156834
156834
156836
156836
156840
156842
156842
156842
156842
156842
156842
156844
156848
156848
156848
156852
156852
156856
156856
156856
156856
156857
156857
156864
156864
156865
156866
156866
156873
156873
156873
156877
156877
156881
156881
156882
156882
156884
156884
156884
156884
156884
156884
156884
156884
156887
156888
156896
156896
156903
156903
156904
156905
156907
156910
156910
156910
156910
156910
156912
156912
156913
156913
156913
156913
156915
156920
156920
156923
156928
156928
156931
156931
156931
156931
156931
156931
156931
156931
156931
156935
156936
156936
156938
156938
156940
156940
156940
156940
156944
156944
156944
156947
156948
156948
156948
156948
156949
156951
156953
156953
156953
156954
156954
156956
156956
156958
156958
156958
156963
156964
156964
156964
156964
156964
156964
156964
156967
156967
156967
156967
156968
156968
156970
156974
156974
156976
156976
156976
156982
156982
156983
156983
156985
156985
156985
156986
156986
156993
156994
156998
157002
157006
157008
157008
157012
157012
157012
157015
157018
157018
157020
157020
157024
157024
157024
157025
157027
157028
157029
157029
157030
157031
157032
157032
157033
157033
157034
157034
157036
157036
157037
157037
157037
157037
157040
157043
157043
157043
157043
157048
157048
157050
157050
157053
157053
157057
157057
157057
157068
157068
157068
157068
157072
157090
157094
157094
157102
157104
157106
157108
157109
157109
157111
157111
157115
157115
157115
157119
157119
157119
157124
157124
157124
157124
157124
157124
157124
157124
157125
157125
157125
157125
157127
157130
157130
157130
157130
157135
157135
157135
157139
157140
157140
157140
157140
157140
157140
157140
157140
157140
157140
157140
157144
157145
157145
157145
157145
157147
157152
157152
157154
157157
157157
157157
157157
157158
157158
157158
157158
157158
157158
157158
157158
157158
157164
157164
157164
157166
157169
157169
157169
157174
157185
157185
157185
157185
157186
157186
157186
157186
157186
157186
157186
157191
157197
157197
157197
157197
157197
157197
157199
157202
157226
157226
157227
157227
157235
157235
157236
157236
157242
157242
157246
157246
157246
157246
157246
157246
157246
157246
157246
157252
157252
157258
157258
157264
157265
157265
157266
157266
157266
157279
157279
157279
157279
157279
157279
157279
157279
157286
157286
157286
157287
157293
157295
157295
157301
157301
157302
157302
157302
157302
157302
157302
157302
157306
157306
157306
157306
157310
157310
157310
157310
157312
157316
157316
157316
157316
157316
157316
157317
157318
157319
157320
157320
157320
157320
157320
157320
157323
157323
157323
157323
157325
157326
157326
157327
157327
157327
157327
157327
157328
157329
157329
157330
157335
157335
157335
157336
157337
157339
157339
157343
157343
157343
157343
157344
157344
157346
157347
157347
157347
157347
157347
157348
157349
157352
157352
157359
157359
157359
157359
157361
157361
157362
157364
157364
157366
157367
157367
157367
157368
157368
157368
157369
157369
157369
157369
157372
157372
157374
157376
157376
157378
157378
157379
157379
157382
157382
157386
157386
157388
157388
157388
157394
157394
157397
157397
157397
157397
157398
157401
157401
157401
157401
157401
157410
157411
157411
157411
157411
157411
157411
157414
157414
157418
157425
157425
157425
157425
157425
157427
157427
157427
157427
157428
157429
157430
157431
157431
157432
157433
157433
157434
157434
157434
157434
157434
157435
157436
157437
157438
157438
157438
157438
157439
157439
157440
157442
157443
157444
157444
157445
157445
157445
157445
157445
157446
157446
157447
157448
157449
157449
157449
157454
157455
157456
157461
157464
157464
157464
157464
157464
157464
157464
157466
157466
157467
157467
157467
157467
157467
157467
157467
157468
157470
157470
157470
157470
157475
157476
157476
157476
157476
157477
157478
157480
157482
157484
157486
157486
157487
157487
157487
157487
157491
157491
157491
157491
157491
157491
157491
157491
157491
157497
157498
157498
157500
157505
157505
157509
157509
157509
157509
157509
157509
157509
157510
157511
157511
157511
157511
157511
157511
157511
157512
157512
157512
157512
157512
157514
157514
157516
157516
157516
157518
157519
157519
157520
157520
157522
157523
157523
157524
157526
157526
157527
157530
157534
157535
157536
157536
157536
157542
157542
157546
157546
157546
157546
157546
157546
157546
157554
157554
157554
157554
157563
157563
157563
157566
157566
157566
157566
157568
157568
157570
157570
157570
157572
157572
157574
157575
157575
157576
157576
157576
157576
157578
157578
157578
157580
157580
157584
157584
157584
157585
157587
157587
157587
157589
157589
157589
157589
157593
157593
157593
157593
157593
157596
157596
157596
157596
157597
157597
157597
157597
157597
157598
157602
157603
157603
157605
157605
157605
157605
157605
157605
157608
157613
157613
157613
157613
157613
157615
157615
157616
157616
157616
157619
157619
157619
157621
157621
157621
157622
157624
157624
157624
157626
157626
157626
157626
157626
157626
157626
157626
157626
157628
157628
157628
157628
157628
157638
157638
157638
157638
157638
157638
157638
157638
157638
157640
157644
157644
157644
157644
157644
157644
157644
157646
157646
157648
157648
157655
157655
157655
157655
157655
157655
157656
157656
157656
157657
157658
157658
157660
157664
157664
157665
157665
157665
157666
157667
157668
157669
157671
157672
157675
157675
157675
157675
157675
157677
157677
157677
157677
157677
157677
157677
157677
157677
157678
157679
157680
157683
157683
157683
157688
157688
157688
157688
157690
157694
157694
157695
157705
157707
157709
157709
157709
157712
157713
157713
157713
157713
157713
157713
157713
157713
157714
157714
157714
157714
157720
157720
157723
157723
157723
157724
157724
157726
157726
157727
157727
157727
157727
157727
157728
157730
157730
157731
157732
157732
157735
157735
157736
157736
157738
157740
157740
157743
157747
157751
157753
157753
157753
157753
157753
157753
157753
157753
157753
157754
157754
157754
157754
157754
157754
157754
157755
157758
157758
157759
157760
157760
157760
157766
157766
157766
157766
157766
157767
157767
157773
157773
157773
157773
157773
157773
157775
157775
157776
157777
157780
157780
157783
157785
157786
157792
157795
157795
157795
157796
157796
157800
157802
157803
157803
157803
157808
157809
157809
157816
157816
157819
157823
157823
157823
157823
157823
157823
157823
157823
157824
157826
157829
157829
157829
157836
157842
157844
157844
157853
157853
157853
157853
157856
157856
157857
157858
157858
157858
157858
157860
157860
157864
157865
157867
157867
157867
157867
157867
157868
157868
157872
157878
157878
157878
157880
157880
157884
157894
157894
157896
157896
157896
157907
157907
157907
157907
157908
157908
157908
157912
157912
157913
157913
157914
157914
157914
157920
157924
157924
157924
157927
157928
157928
157929
157930
157930
157930
157931
157932
157932
157933
157933
157933
157933
157933
157933
157933
157933
157933
157933
157934
157934
157934
157934
157934
157934
157934
157936
157936
157938
157940
157940
157940
157941
157946
157947
157947
157947
157947
157948
157948
157952
157952
157953
157953
157956
157956
157956
157957
157960
157961
157961
157962
157962
157962
157962
157963
157963
157963
157968
157974
157974
157974
157975
157975
157975
157975
157975
157975
157975
157975
157979
157979
157979
157979
157979
157979
157980
157980
157980
157984
157984
157985
157988
157988
157988
157991
157991
157992
157992
157992
157993
157993
157993
157998
157998
157998
158002
158002
158002
158002
158002
158003
158003
158003
158003
158003
158005
158010
158012
158013
158017
158017
158023
158024
158026
158026
158026
158026
158028
158028
158028
158028
158028
158029
158029
158029
158029
158029
158029
158029
158030
158030
158034
158034
158034
158034
158034
158037
158037
158037
158037
158041
158041
158041
158041
158041
158043
158043
158048
158050
158050
158050
158052
158052
158062
158063
158063
158063
158063
158064
158066
158066
158070
158071
158071
158076
158076
158077
158080
158083
158089
158089
158089
158090
158090
158092
158094
158094
158095
158096
158098
158102
158102
158107
158110
158112
158115
158115
158115
158115
158116
158116
158118
158118
158118
158118
158120
158123
158123
158123
158123
158124
158124
158125
158126
158126
158126
158126
158126
158136
158136
158142
158142
158143
158143
158146
158148
158151
158152
158156
158156
158156
158156
158156
158156
158156
158156
158159
158159
158159
158159
158159
158165
158167
158168
158171
158175
158176
158176
158176
158180
158180
158180
158182
158182
158182
158182
158182
158183
158183
158183
158183
158183
158183
158186
158186
158187
158188
158191
158197
158198
158198
158198
158209
158209
158210
158215
158216
158218
158225
158226
158227
158227
158235
158236
158236
158238
158240
158244
158244
158246
158246
158250
158250
158254
158254
158254
158254
158254
158267
158267
158267
158267
158268
158268
158269
158269
158270
158274
158275
158278
158282
158282
158287
158287
158289
158289
158290
158295
158295
158296
158300
158302
158306
158307
158307
158307
158310
158312
158312
158317
158317
158318
158318
158320
158324
158324
158328
158328
158332
158332
158336
158344
158344
158348
158348
158352
158352
158356
158358
158358
158358
158358
158359
158359
158359
158361
158361
158361
158361
158361
158361
158364
158364
158364
158364
158364
158364
158366
158367
158368
158369
158369
158371
158372
158373
158376
158378
158378
158380
158382
158383
158383
158384
158386
158391
158391
158391
158392
158394
158398
158398
158400
158400
158400
158402
158406
158406
158406
158410
158410
158412
158413
158414
158416
158416
158416
158419
158419
158422
158426
158428
158431
158431
158431
158431
158432
158432
158432
158432
158432
158432
158438
158440
158443
158446
158446
158446
158446
158447
158450
158451
158454
158455
158455
158458
158458
158463
158463
158463
158464
158464
158467
158467
158467
158468
158468
158468
158468
158471
158471
158471
158474
158474
158476
158476
158479
158479
158479
158480
158485
158485
158488
158488
158488
158488
158492
158492
158492
158492
158492
158495
158495
158499
158502
158502
158507
158507
158510
158510
158510
158510
158510
158521
158521
158521
158521
158521
158524
158524
158524
158524
158529
158529
158529
158529
158531
158531
158531
158539
158539
158539
158539
158540
158540
158544
158544
158544
158544
158544
158544
158546
158548
158548
158549
158549
158553
158554
158556
158558
158559
158560
158560
158564
158564
158567
158568
158569
158569
158569
158575
158576
158579
158581
158581
158581
158583
158583
158584
158584
158585
158588
158588
158589
158589
158589
158589
158590
158590
158590
158590
158590
158590
158594
158594
158595
158595
158596
158596
158597
158597
158598
158598
158598
158598
158601
158601
158601
158601
158602
158602
158604
158604
158604
158605
158606
158606
158608
158608
158618
158623
158627
158636
158636
158636
158636
158636
158636
158636
158637
158643
158643
158643
158643
158646
158650
158650
158652
158656
158656
158663
158663
158663
158663
158663
158664
158664
158664
158664
158664
158664
158665
158665
158665
158665
158665
158665
158666
158666
158666
158666
158666
158666
158666
158667
158667
158667
158667
158667
158670
158670
158674
158679
158679
158679
158679
158679
158680
158682
158689
158689
158689
158689
158691
158691
158692
158694
158696
158727
158727
158728
158728
158728
158728
158728
158728
158728
158728
158728
158729
158730
158732
158734
158734
158735
158743
158743
158743
158743
158743
158748
158748
158748
158748
158748
158748
158748
158748
158748
158748
158748
158748
158749
158749
158749
158749
158749
158749
158749
158749
158749
158749
158749
158749
158749
158749
158749
158749
158749
158750
158752
158752
158756
158775
158775
158775
158775
158776
158776
158776
158777
158777
158778
158778
158779
158779
158780
158780
158781
158781
158781
158782
158783
158783
158784
158784
158788
158788
158788
158788
158792
158792
158792
158794
158794
158794
158796
158796
158796
158796
158800
158800
158804
158804
158804
158806
158806
158808
158808
158808
158808
158808
158809
158809
158809
158812
158812
158813
158815
158818
158818
158818
158818
158823
158823
158823
158823
158826
158826
158828
158828
158828
158828
158828
158828
158829
158829
158829
158829
158829
158831
158835
158840
158840
158844
158844
158845
158845
158845
158847
158851
158855
158855
158855
158855
158855
158855
158856
158856
158856
158859
158859
158863
158863
158863
158864
158868
158868
158871
158875
158875
158887
158890
158890
158890
158890
158890
158890
158890
158890
158896
158896
158902
158902
158902
158903
158903
158903
158906
158908
158908
158908
158911
158911
158911
158911
158914
158915
158915
158915
158915
158915
158915
158915
158915
158915
158918
158918
158918
158919
158919
158919
158919
158919
158919
158926
158926
158926
158926
158928
158928
158930
158930
158932
158932
158932
158932
158932
158932
158934
158934
158936
158936
158936
158936
158936
158938
158938
158942
158943
158943
158943
158946
158949
158949
158949
158949
158960
158961
158961
158961
158961
158961
158961
158964
158964
158970
158970
158970
158970
158970
158970
158985
158985
158989
158989
158989
158989
158989
158990
158993
158993
158996
158996
158997
158998
158998
158998
158998
158998
158998
158998
158998
158998
159000
159000
159000
159004
159004
159005
159007
159007
159019
159024
159024
159026
159027
159027
159028
159028
159031
159031
159031
159031
159036
159036
159039
159040
159048
159052
159068
159068
159068
159069
159069
159069
159069
159069
159069
159069
159069
159069
159069
159069
159069
159080
159080
159086
159097
159097
159102
159102
159102
159102
159103
159103
159103
159103
159103
159103
159103
159103
159103
159103
159120
159121
159123
159134
159134
159134
159137
159137
159137
159138
159138
159138
159140
159140
159143
159143
159143
159143
159143
159160
159162
159162
159162
159162
159169
159169
159169
159169
159172
159172
159172
159174
159175
159177
159177
159186
159186
159192
159192
159192
159192
159195
159195
159195
159196
159196
159205
159205
159205
159205
159206
159206
159207
159208
159209
159209
159209
159210
159212
159213
159216
159216
159216
159216
159217
159219
159220
159220
159232
159234
159235
159235
159235
159236
159236
159236
159236
159236
159236
159236
159237
159237
159237
159237
159238
159238
159238
159238
159239
159242
159252
159256
159257
159257
159257
159257
159257
159257
159257
159257
159271
159271
159272
159272
159272
159272
159272
159272
159272
159272
159272
159272
159274
159274
159276
159277
159277
159277
159278
159279
159283
159283
159283
159286
159287
159287
159290
159294
159298
159298
159298
159298
159298
159298
159302
159302
159304
159304
159307
159307
159307
159312
159313
159314
159314
159316
159316
159317
159318
159320
159324
159325
159327
159327
159327
159328
159328
159328
159329
159332
159334
159334
159334
159334
159345
159345
159350
159354
159354
159356
159356
159358
159358
159358
159362
159362
159364
159364
159365
159365
159365
159366
159366
159367
159370
159372
159372
159373
159373
159373
159373
159373
159374
159374
159377
159377
159386
159391
159391
159391
159391
159391
159391
159394
159394
159395
159395
159395
159395
159395
159398
159398
159398
159398
159406
159406
159408
159411
159411
159414
159421
159421
159424
159425
159426
159428
159430
159433
159433
159435
159435
159438
159438
159439
159439
159439
159443
159443
159443
159443
159444
159444
159444
159444
159447
159448
159451
159451
159451
159454
159454
159454
159454
159454
159454
159454
159457
159457
159457
159457
159459
159459
159459
159462
159462
159463
159463
159463
159463
159465
159467
159467
159467
159467
159471
159471
159474
159474
159474
159479
159479
159483
159483
159483
159484
159487
159488
159488
159488
159490
159491
159491
159491
159491
159491
159491
159495
159495
159495
159495
159496
159496
159496
159496
159498
159498
159505
159505
159505
159505
159505
159505
159508
159509
159509
159509
159509
159510
159511
159512
159514
159514
159518
159527
159527
159527
159527
159527
159528
159528
159529
159529
159530
159530
159531
159534
159534
159538
159538
159539
159545
159545
159545
159546
159546
159547
159551
159551
159552
159552
159559
159560
159560
159560
159560
159563
159563
159563
159563
159563
159563
159563
159564
159566
159567
159567
159567
159567
159567
159568
159568
159568
159568
159569
159569
159572
159572
159577
159577
159577
159580
159587
159587
159587
159588
159588
159589
159589
159589
159590
159594
159594
159595
159597
159597
159599
159603
159603
159604
159604
159604
159604
159604
159604
159604
159607
159607
159607
159612
159612
159612
159616
159616
159618
159618
159620
159620
159620
159621
159621
159623
159623
159623
159634
159640
159640
159644
159644
159644
159644
159644
159644
159645
159645
159645
159645
159649
159649
159649
159649
159649
159650
159651
159651
159651
159652
159652
159655
159655
159655
159656
159656
159660
159660
159660
159664
159666
159669
159669
159669
159670
159670
159672
159672
159675
159675
159675
159676
159676
159676
159676
159679
159679
159679
159680
159680
159681
159683
159683
159686
159686
159695
159695
159695
159697
159697
159697
159700
159701
159701
159701
159702
159702
159702
159702
159702
159702
159702
159702
159704
159704
159704
159704
159704
159705
159705
159705
159705
159705
159705
159705
159705
159705
159705
159706
159710
159715
159715
159715
159715
159716
159716
159716
159717
159723
159723
159723
159723
159723
159723
159723
159723
159724
159726
159726
159726
159726
159727
159727
159727
159727
159727
159727
159727
159727
159728
159729
159736
159736
159736
159741
159741
159741
159741
159744
159746
159746
159746
159749
159755
159755
159756
159759
159760
159760
159762
159768
159768
159768
159778
159778
159778
159778
159778
159788
159798
159798
159799
159799
159799
159803
159808
159808
159808
159808
159809
159809
159809
159809
159809
159809
159809
159809
159809
159810
159810
159810
159810
159810
159810
159810
159810
159810
159810
159811
159812
159812
159812
159816
159817
159817
159818
159818
159820
159820
159820
159825
159825
159825
159831
159831
159831
159831
159831
159832
159835
159835
159835
159838
159842
159842
159844
159848
159848
159848
159848
159850
159850
159851
159852
159860
159860
159860
159860
159860
159860
159860
159860
159860
159873
159873
159876
159876
159877
159879
159880
159880
159880
159880
159880
159886
159886
159887
159887
159888
159896
159896
159898
159904
159904
159904
159904
159908
159908
159908
159908
159910
159917
159917
159917
159925
159925
159925
159925
159937
159937
159937
159937
159937
159938
159938
159938
159938
159939
159939
159939
159939
159939
159940
159940
159940
159940
159942
159942
159942
159942
159942
159943
159943
159943
159943
159945
159945
159950
159951
159953
159953
159953
159954
159958
159958
159958
159967
159967
159973
159973
159973
159973
159978
159978
159979
159992
159993
159996
159996
160000
160003
160003
160014
160014
160014
160014
160014
160014
160014
160014
160014
160014
160014
160014
160014
160014
160014
160014
160014
160014
160014
160014
160015
160015
160033
160033
160033
160034
160034
160034
160034
160039
160039
160041
160041
160041
160041
160043
160043
160043
160043
160043
160043
160043
160050
160050
160051
160051
160051
160051
160053
160053
160053
160054
160054
160054
160054
160054
160054
160054
160054
160054
160054
160054
160061
160062
160063
160063
160063
160063
160063
160063
160063
160063
160065
160065
160065
160065
160065
160066
160066
160066
160066
160066
160067
160067
160068
160068
160068
160068
160073
160076
160081
160084
160084
160084
160084
160084
160084
160084
160084
160084
160084
160084
160092
160092
160101
160111
160111
160111
160116
160116
160116
160116
160116
160116
160116
160116
160116
160121
160121
160125
160126
160126
160127
160130
160130
160130
160130
160130
160130
160135
160136
160136
160136
160137
160137
160137
160137
160137
160137
160137
160137
160137
160137
160137
160139
160139
160139
160139
160144
160144
160144
160144
160144
160146
160152
160152
160157
160158
160159
160159
160162
160162
160168
160168
160168
160168
160168
160168
160174
160174
160174
160174
160184
160195
160195
160197
160199
160200
160200
160201
160201
160210
160212
160212
160231
160233
160239
160247
160258
160280
160280
160280
160280
160280
160280
160280
160280
160280
160280
160280
160282
160282
160286
160300
160300
160300
160301
160302
160302
160302
160302
160302
160302
160302
160302
160302
160305
160306
160306
160307
160310
160310
160313
160314
160314
160316
160318
160318
160321
160321
160334
160334
160341
160341
160341
160341
160341
160341
160342
160345
160345
160349
160350
160350
160350
160350
160351
160352
160357
160371
160382
160389
160390
160392
160394
160394
160397
160397
160404
160404
160404
160404
160404
160404
160404
160404
160404
160405
160405
160405
160405
160405
160405
160420
160421
160425
160431
160431
160431
160431
160433
160433
160433
160433
160433
160433
160433
160433
160433
160433
160435
160435
160438
160438
160441
160442
160442
160442
160453
160458
160458
160467
160467
160467
160467
160470
160470
160481
160486
160487
160487
160491
160492
160497
160497
160498
160498
160498
160501
160514
160514
160514
160514
160518
160518
160518
160523
160523
160523
160523
160523
160523
160526
160527
160541
160541
160541
160541
160541
160541
160541
160541
160541
160542
160542
160542
160545
160545
160549
160549
160553
160557
160557
160557
160557
160558
160558
160558
160558
160558
160558
160561
160561
160561
160578
160578
160578
160578
160578
160578
160578
160578
160578
160589
160597
160601
160601
160613
160633
160633
160637
160637
160637
160637
160637
160637
160637
160643
160643
160643
160658
160658
160665
160669
160669
160669
160669
160674
160674
160674
160674
160674
160674
160674
160674
160702
160702
160702
160705
160707
160707
160707
160707
160716
160716
160716
160716
160716
160716
160716
160716
160716
160716
160716
160716
160716
160717
160717
160717
160717
160717
160717
160717
160717
160717
160717
160717
160717
160717
160717
160717
160717
160717
160717
160717
160717
160718
160718
160719
160719
160719
160719
160719
160719
160719
160721
160725
160726
160726
160726
160726
160726
160726
160726
160745
160749
160773
160777
160777
160777
160778
160778
160778
160778
160778
160781
160790
160790
160790
160790
160790
160790
160790
160790
160790
160790
160790
160790
160790
160790
160791
160791
160791
160791
160791
160791
160791
160791
160791
160797
160797
160799
160799
160799
160799
160799
160799
160799
160799
160801
160805
160810
160810
160815
160815
160820
160820
160820
160820
160826
160826
160826
160826
160826
160826
160826
160826
160826
160826
160826
160826
160826
160826
160826
160826
160826
160826
160826
160826
160826
160826
160826
160826
160826
160826
160826
160826
160826
160826
160826
160826
160826
160826
160826
160826
160826
160826
160826
160827
160827
160827
160827
160827
160827
160827
160827
160827
160827
160827
160827
160827
160827
160827
160827
160827
160827
160827
160827
160827
160827
160827
160862
160865
160868
160868
160868
160868
160868
160868
160868
160868
160868
160868
160876
160876
160882
160882
160884
160885
160887
160887
160890
160890
160890
160890
160891
160891
160895
160895
160896
160896
160896
160897
160897
160897
160897
160897
160898
160898
160898
160899
160902
160902
160902
160902
160906
160906
160906
160906
160909
160921
160921
160921
160921
160921
160922
160923
160924
160926
160927
160928
160930
160931
160933
160934
160935
160937
160938
160940
160958
160958
160959
160959
160959
160959
160959
160959
160961
160961
160969
160969
160969
160983
160983
160983
160983
160983
160983
160983
160983
160983
160983
160983
160992
160992
160992
160992
160992
160992
160992
160992
160992
160992
160992
160992
160992
160992
160992
161014
161014
161014
161014
161014
161015
161015
161015
161015
161015
161015
161015
161015
161015
161015
161015
161015
161015
161015
161015
161015
161015
161015
161015
161015
161015
161015
161015
161015
161015
161023
161035
161035
161040
161044
161044
161045
161053
161053
161053
161053
161053
161053
161067
161067
161067
161067
161067
161067
161067
161067
161067
161070
161070
161070
161070
161070
161070
161070
161070
161070
161071
161071
161072
161083
161083
161083
161083
161083
161083
161083
161083
161083
161084
161084
161084
161084
161084
161085
161085
161085
161085
161092
161092
161113
161113
161113
161113
161119
161119
161119
161119
161119
161119
161129
161130
161130
161131
161139
161139
161146
161149
161151
161192
161192
161192
161207
161207
161207
161220
161220
161220
161220
161220
161220
161220
161220
161220
161220
161220
161220
161220
161220
161220
161220
161220
161226
161226
161226
161226
161234
161234
161234
161234
161234
161234
161234
161234
161234
161234
161234
161234
161234
161234
161234
161238
161243
161270
161275
161275
161275
161276
161291
161291
161291
161298
161300
161308
161310
161310
161319
161319
161319
161320
161321
161322
161335
161335
161335
161335
161335
161340
161340
161341
161380
161380
161380
161380
161380
161380
161400
161406
161406
161407
161407
161407
161407
161407
161407
161407
161407
161407
161407
161407
161407
161407
161407
161407
161407
161407
161407
161407
161407
161411
161411
161411
161411
161411
161416
161416
161416
161416
161416
161416
161416
161416
161417
161417
161417
161420
161420
161421
161422
161422
161425
161425
161430
161430
161430
161433
161437
161438
161441
161450
161450
161450
161450
161450
161464
161464
161464
161465
161465
161465
161465
161466
161470
161470
161481
161481
161481
161483
161483
161483
161483
161484
161484
161484
161484
161497
161497
161497
161497
161497
161497
161497
161497
161511
161511
161511
161511
161515
161515
161515
161515
161515
161515
161516
161516
161516
161516
161516
161516
161516
161516
161516
161516
161519
161534
161534
161534
161534
161534
161539
161539
161539
161539
161547
161547
161547
161547
161547
161547
161547
161548
161550
161551
161551
161551
161551
161552
161554
161555
161556
161558
161559
161562
161567
161567
161576
161578
161585
161599
161599
161599
161599
161599
161599
161599
161599
161600
161600
161600
161600
161600
161600
161600
161605
161605
161619
161619
161659
161663
161687
161687
161687
161687
161687
161688
161688
161688
161688
161688
161688
161689
161689
161689
161689
161689
161689
161689
161690
161690
161690
161690
161690
161700
161700
161700
161700
161700
161700
161700
161700
161700
161700
161700
161700
161700
161700
161700
161700
161700
161700
161700
161700
161700
161701
161701
161701
161701
161701
161707
161707
161707
161707
161707
161707
161707
161707
161707
161707
161707
161707
161707
161707
161707
161707
161707
161707
161707
161707
161707
161707
161707
161707
161707
161707
161707
161707
161707
161707
161707
161707
161707
161707
161707
161707
161707
161707
161707
161715
161715
161717
161718
161718
161718
161719
161719
161719
161719
161721
161721
161721
161721
161721
161729
161730
161731
161731
161733
161738
161740
161740
161749
161757
161770
161770
161770
161770
161770
161771
161771
161771
161780
161782
161787
161787
161787
161787
161787
161790
161790
161790
161790
161790
161790
161790
161790
161790
161790
161790
161790
161790
161790
161790
161790
161790
161791
161791
161792
161794
161794
161800
161802
161802
161802
161802
161807
161807
161807
161810
161813
161813
161817
161818
161818
161818
161823
161834
161834
161839
161853
161857
161858
161861
161862
161863
161868
161870
161873
161877
161877
161878
161879
161893
161894
161897
161898
161901
161901
161901
161901
161901
161901
161901
161901
161901
161901
161903
161904
161905
161906
161907
161908
161910
161911
161912
161914
161917
161921
161922
161925
161930
161930
161930
161930
161931
161931
161931
161931
161931
161932
161932
161932
161932
161932
161932
161932
161932
161932
161932
161932
161932
161932
161932
161932
161932
161932
161932
161933
161933
161933
161933
161933
161933
161933
161933
161933
161933
161933
161933
161933
161933
161933
161933
161933
161937
161940
161940
161941
161943
161947
161947
161951
161951
161951
161951
161951
161952
161952
161952
161952
161962
161962
161962
161963
161963
161963
161963
161965
161980
161980
161990
161990
161990
161990
161990
161991
161991
161991
161991
161991
161991
161991
161991
161992
161992
161992
161992
161992
161995
161995
161995
161995
161995
161998
161998
161998
161998
162021
162027
162027
162027
162027
162043
162043
162044
162044
162044
162048
162048
162048
162048
162048
162048
162050
162058
162062
162062
162062
162062
162069
162070
162070
162070
162070
162070
162071
162071
162071
162071
162071
162071
162072
162072
162072
162072
162074
162074
162086
162086
162089
162090
162090
162090
162090
162090
162090
162100
162101
162101
162109
162110
162110
162110
162110
162110
162110
162110
162120
162120
162125
162125
162129
162130
162130
162130
162130
162133
162133
162142
162142
162142
162142
162142
162142
162150
162160
162168
162170
162170
162170
162171
162171
162171
162171
162171
162171
162171
162171
162171
162173
162173
162190
162190
162190
162190
162190
162190
162191
162191
162191
162191
162191
162191
162191
162191
162194
162194
162197
162199
162199
162199
162201
162201
162205
162206
162206
162208
162209
162210
162210
162214
162214
162218
162219
162219
162219
162219
162219
162219
162219
162219
162219
162219
162219
162219
162219
162219
162219
162219
162233
162234
162239
162242
162246
162246
162246
162248
162248
162250
162250
162255
162255
162255
162258
162261
162263
162275
162279
162279
162279
162279
162280
162283
162283
162283
162289
162289
162289
162289
162289
162289
162289
162289
162290
162290
162290
162290
162290
162290
162293
162294
162297
162298
162310
162310
162310
162310
162310
162310
162310
162310
162310
162310
162310
162310
162310
162310
162310
162310
162310
162310
162310
162310
162310
162310
162310
162310
162311
162311
162311
162311
162313
162313
162313
162313
162313
162313
162313
162313
162313
162315
162319
162320
162322
162322
162322
162326
162326
162328
162329
162335
162337
162338
162338
162338
162338
162338
162338
162338
162339
162339
162339
162339
162341
162341
162341
162341
162341
162341
162341
162347
162347
162350
162350
162351
162351
162351
162351
162354
162357
162361
162361
162361
162361
162362
162362
162362
162362
162362
162378
162381
162381
162381
162381
162387
162387
162387
162387
162388
162388
162388
162388
162388
162388
162388
162388
162388
162409
162410
162410
162410
162410
162410
162410
162410
162410
162410
162410
162410
162420
162420
162431
162431
162431
162435
162435
162436
162436
162436
162436
162436
162436
162436
162436
162436
162436
162436
162437
162438
162439
162441
162441
162442
162442
162448
162451
162457
162457
162457
162457
162457
162457
162457
162470
162470
162470
162470
162470
162470
162470
162470
162470
162470
162471
162471
162471
162471
162471
162471
162471
162471
162471
162471
162472
162472
162472
162472
162473
162474
162474
162474
162476
162477
162477
162477
162477
162478
162479
162480
162480
162501
162505
162506
162506
162510
162510
162516
162517
162520
162520
162520
162521
162521
162522
162523
162524
162525
162525
162525
162526
162527
162528
162528
162529
162529
162530
162530
162531
162531
162533
162534
162534
162534
162535
162537
162541
162549
162550
162553
162558
162559
162559
162559
162559
162559
162559
162565
162566
162566
162569
162569
162573
162577
162577
162579
162579
162579
162579
162579
162579
162579
162581
162581
162585
162591
162591
162591
162591
162592
162592
162592
162592
162592
162592
162592
162592
162592
162592
162592
162592
162592
162592
162592
162600
162600
162614
162614
162614
162634
162635
162635
162635
162635
162635
162635
162661
162665
162665
162675
162675
162675
162677
162678
162682
162682
162682
162682
162682
162682
162682
162682
162682
162682
162685
162713
162716
162719
162745
162745
162745
162745
162745
162745
162745
162745
162745
162745
162745
162745
162745
162745
162745
162750
162750
162751
162751
162751
162751
162751
162751
162751
162751
162751
162751
162751
162751
162751
162751
162751
162751
162751
162751
162751
162751
162751
162751
162751
162751
162751
162751
162751
162751
162752
162752
162752
162752
162752
162752
162752
162754
162754
162762
162762
162762
162762
162762
162763
162763
162763
162763
162763
162763
162764
162764
162764
162764
162764
162764
162765
162773
162773
162773
162777
162789
162789
162790
162794
162794
162794
162814
162834
162839
162843
162843
162843
162851
162852
162852
162852
162852
162852
162852
162853
162853
162853
162853
162853
162853
162854
162854
162854
162854
162854
162854
162855
162855
162855
162859
162859
162859
162859
162865
162865
162865
162865
162865
162865
162877
162896
162896
162900
162911
162930
162932
162932
162942
162951
162951
162951
162951
162951
162951
162951
162951
162951
162952
162952
162952
162952
162952
162952
162952
162952
162952
162952
162952
162952
162952
162952
162952
162952
162952
162957
162960
162960
162960
162960
162960
162965
162965
162966
162967
162967
162967
162967
162967
162967
162967
162967
162967
162967
162967
162968
162968
162968
162968
162968
162968
162968
162968
162968
162968
162968
162968
162968
162968
162968
162968
162968
162968
162968
162968
162970
162970
162970
162970
162970
162970
162970
162980
162980
162981
162981
162982
162982
162982
162985
162990
162991
162991
162991
162991
162991
162991
162997
163010
163018
163029
163029
163029
163031
163031
163033
163046
163051
163051
163051
163051
163052
163053
163056
163058
163058
163059
163059
163059
163059
163059
163059
163059
163059
163059
163059
163059
163059
163059
163059
163060
163060
163061
163063
163064
163065
163066
163068
163068
163068
163070
163071
163071
163071
163071
163072
163074
163075
163076
163076
163076
163077
163077
163077
163077
163079
163080
163087
163087
163087
163087
163087
163087
163087
163087
163087
163088
163088
163088
163088
163088
163088
163088
163088
163088
163092
163092
163092
163092
163092
163094
163094
163094
163097
163098
163099
163099
163100
163100
163100
163100
163100
163100
163101
163102
163105
163105
163109
163110
163113
163114
163115
163115
163117
163127
163127
163127
163127
163127
163127
163127
163127
163127
163141
163141
163141
163141
163141
163142
163142
163143
163143
163146
163146
163151
163151
163151
163151
163156
163156
163165
163165
163169
163173
163175
163175
163175
163175
163175
163175
163175
163175
163175
163175
163175
163177
163181
163183
163183
163183
163183
163183
163183
163183
163183
163183
163183
163183
163183
163183
163184
163184
163184
163185
163185
163189
163190
163190
163190
163195
163195
163195
163195
163204
163204
163204
163204
163204
163204
163204
163204
163204
163204
163204
163205
163205
163217
163217
163217
163217
163217
163217
163217
163217
163217
163217
163217
163217
163217
163217
163217
163217
163218
163218
163226
163230
163230
163230
163230
163230
163230
163230
163230
163230
163230
163231
163233
163249
163250
163254
163254
163257
163257
163257
163258
163258
163258
163258
163258
163259
163259
163259
163259
163259
163259
163261
163264
163266
163266
163270
163270
163270
163274
163274
163275
163275
163285
163287
163287
163287
163287
163287
163287
163287
163287
163294
163294
163294
163304
163304
163304
163304
163304
163304
163304
163304
163304
163304
163304
163305
163305
163305
163305
163309
163309
163314
163314
163314
163314
163314
163314
163330
163330
163330
163330
163340
163360
163367
163367
163367
163367
163367
163367
163367
163367
163367
163367
163367
163367
163367
163367
163370
163376
163380
163380
163380
163380
163380
163380
163387
163387
163388
163388
163388
163388
163389
163389
163389
163389
163389
163389
163389
163389
163401
163402
163402
163402
163402
163402
163410
163410
163418
163418
163418
163419
163419
163419
163419
163419
163419
163419
163419
163419
163419
163420
163420
163434
163435
163435
163435
163435
163435
163435
163439
163455
163456
163460
163460
163460
163460
163460
163460
163460
163460
163461
163461
163461
163461
163461
163464
163476
163476
163477
163477
163477
163477
163477
163477
163477
163477
163477
163477
163477
163484
163484
163484
163484
163484
163484
163484
163485
163485
163485
163485
163485
163487
163488
163489
163492
163494
163495
163496
163497
163497
163498
163498
163500
163500
163501
163501
163502
163502
163503
163503
163504
163505
163506
163508
163509
163509
163510
163511
163512
163514
163515
163516
163517
163518
163519
163521
163522
163522
163523
163525
163536
163546
163546
163546
163548
163548
163548
163556
163556
163556
163556
163556
163556
163557
163557
163557
163557
163561
163561
163561
163561
163562
163562
163562
163562
163562
163562
163562
163562
163565
163566
163566
163566
163566
163566
163566
163566
163567
163568
163569
163570
163570
163570
163570
163610
163616
163617
163617
163617
163631
163631
163631
163631
163631
163638
163638
163647
163647
163647
163647
163647
163647
163647
163648
163648
163648
163648
163648
163650
163651
163651
163651
163651
163652
163652
163654
163655
163656
163656
163656
163664
163664
163664
163664
163664
163664
163664
163664
163664
163664
163664
163664
163664
163664
163665
163675
163684
163684
163684
163684
163684
163684
163684
163684
163684
163684
163684
163684
163684
163684
163685
163689
163689
163689
163689
163689
163689
163689
163699
163699
163706
163706
163706
163706
163707
163707
163707
163707
163707
163707
163711
163711
163711
163711
163711
163721
163722
163722
163722
163722
163722
163725
163727
163727
163729
163730
163738
163738
163738
163738
163738
163738
163738
163738
163738
163738
163738
163738
163738
163738
163738
163738
163738
163738
163738
163745
163749
163749
163749
163753
163766
163771
163771
163771
163771
163772
163777
163777
163777
163777
163777
163777
163777
163777
163777
163777
163781
163781
163789
163789
163789
163789
163789
163789
163789
163790
163790
163793
163801
163801
163801
163804
163808
163808
163808
163808
163809
163820
163831
163831
163831
163831
163831
163831
163831
163831
163831
163831
163831
163837
163838
163838
163838
163842
163842
163842
163843
163843
163843
163843
163843
163843
163843
163843
163843
163845
163845
163845
163845
163845
163845
163845
163845
163851
163851
163851
163851
163852
163853
163853
163854
163855
163856
163857
163857
163858
163860
163860
163860
163860
163860
163861
163862
163862
163862
163862
163862
163862
163862
163862
163865
163865
163865
163870
163870
163870
163870
163873
163873
163881
163881
163884
163889
163889
163889
163889
163889
163893
163900
163900
163900
163900
163901
163905
163908
163908
163908
163908
163913
163913
163913
163913
163913
163920
163927
163931
163940
163946
163946
163946
163951
163951
163951
163951
163961
163965
163966
163973
163973
163977
163981
163981
163994
163994
163994
163994
163994
163994
163994
163994
163994
163994
163994
163994
163994
163994
163994
163995
163995
163995
163995
163995
163995
163995
163995
163995
163995
163995
163995
164020
164020
164020
164020
164020
164020
164020
164020
164020
164026
164028
164029
164031
164032
164034
164035
164036
164036
164036
164036
164037
164039
164040
164041
164041
164041
164041
164041
164041
164041
164041
164041
164041
164041
164041
164042
164042
164042
164042
164042
164042
164042
164042
164042
164042
164042
164042
164042
164042
164042
164042
164042
164042
164042
164042
164043
164043
164057
164059
164060
164061
164063
164064
164066
164067
164068
164070
164070
164071
164071
164072
164089
164089
164089
164089
164089
164094
164094
164095
164095
164095
164095
164095
164095
164095
164095
164095
164095
164095
164095
164095
164095
164095
164095
164100
164100
164100
164100
164100
164108
164108
164108
164108
164108
164108
164122
164123
164124
164125
164127
164128
164129
164130
164130
164130
164130
164130
164131
164132
164133
164135
164135
164136
164137
164138
164138
164142
164142
164142
164142
164142
164142
164142
164142
164142
164143
164160
164163
164163
164163
164163
164163
164163
164163
164163
164165
164166
164168
164169
164171
164172
164174
164175
164177
164178
164180
164181
164183
164184
164186
164188
164188
164190
164191
164192
164192
164192
164192
164192
164192
164192
164192
164192
164192
164194
164203
164203
164203
164203
164203
164203
164203
164203
164203
164203
164210
164210
164212
164212
164212
164212
164213
164213
164213
164216
164216
164220
164220
164221
164221
164230
164231
164240
164240
164243
164243
164243
164243
164243
164243
164245
164265
164265
164265
164265
164265
164265
164265
164265
164265
164270
164271
164271
164277
164278
164289
164289
164289
164289
164289
164289
164290
164290
164290
164290
164290
164292
164292
164292
164292
164292
164292
164292
164292
164292
164293
164293
164293
164294
164294
164296
164296
164296
164296
164296
164296
164297
164300
164300
164300
164310
164310
164310
164310
164346
164346
164346
164346
164346
164346
164346
164346
164346
164346
164351
164354
164354
164354
164354
164354
164354
164354
164354
164357
164357
164361
164361
164361
164362
164362
164362
164362
164362
164362
164362
164362
164381
164381
164386
164386
164387
164387
164387
164389
164407
164407
164407
164413
164413
164413
164413
164413
164421
164421
164421
164421
164421
164421
164450
164450
164450
164450
164450
164450
164450
164450
164450
164451
164451
164456
164456
164456
164456
164456
164456
164456
164456
164456
164456
164456
164456
164456
164456
164456
164457
164457
164457
164457
164457
164466
164466
164466
164467
164467
164467
164467
164467
164467
164467
164467
164467
164467
164467
164467
164467
164467
164467
164472
164472
164472
164472
164478
164478
164478
164478
164478
164478
164478
164478
164478
164478
164478
164478
164478
164492
164492
164492
164492
164492
164492
164492
164499
164500
164500
164500
164500
164500
164500
164500
164500
164500
164500
164500
164500
164500
164500
164500
164500
164500
164500
164500
164500
164500
164500
164513
164514
164514
164515
164516
164516
164517
164518
164535
164559
164559
164560
164560
164560
164560
164560
164560
164560
164560
164560
164560
164560
164560
164560
164560
164560
164560
164560
164560
164560
164560
164560
164560
164560
164560
164561
164561
164561
164561
164562
164563
164565
164565
164566
164567
164567
164568
164569
164569
164570
164570
164571
164572
164572
164573
164575
164576
164576
164580
164580
164580
164582
164589
164599
164621
164621
164621
164621
164621
164621
164621
164621
164621
164622
164622
164625
164626
164626
164626
164628
164628
164629
164629
164667
164667
164667
164667
164672
164672
164672
164672
164672
164672
164672
164673
164673
164673
164673
164727
164727
164727
164728
164728
164728
164728
164728
164728
164728
164729
164729
164729
164729
164729
164729
164729
164729
164742
164742
164747
164747
164747
164756
164756
164756
164756
164757
164757
164757
164757
164757
164757
164757
164757
164757
164757
164757
164757
164763
164763
164763
164763
164763
164763
164763
164763
164763
164763
164763
164769
164770
164770
164771
164786
164787
164787
164789
164793
164797
164798
164801
164803
164803
164803
164803
164803
164803
164803
164804
164804
164804
164804
164804
164804
164804
164804
164804
164804
164804
164804
164804
164804
164805
164817
164818
164819
164820
164820
164821
164823
164823
164826
164826
164826
164826
164829
164830
164830
164830
164830
164830
164830
164830
164830
164830
164830
164830
164830
164830
164830
164830
164830
164831
164831
164831
164832
164832
164832
164833
164833
164833
164834
164834
164834
164834
164840
164840
164846
164859
164862
164890
164891
164891
164909
164909
164909
164909
164909
164915
164915
164915
164916
164917
164918
164918
164918
164918
164918
164918
164919
164919
164919
164919
164919
164919
164920
164920
164920
164920
164920
164920
164921
164921
164921
164921
164921
164921
164922
164928
164928
164928
164928
164931
164931
164931
164940
164940
164951
164951
164951
164951
164951
164951
164951
164951
164951
164951
164951
164952
164952
164952
164952
164952
164952
164952
164952
164952
164952
164960
164965
164965
164965
164965
164966
164966
164966
164966
164966
164966
164982
164982
164983
164983
164983
164989
164999
164999
164999
164999
164999
164999
164999
164999
165000
165103
165114
165210
165224
165293
165293
165313
165313
165313
165313
165443
165743
165750
165766
165766
165921
165921
165921
165921
165932
165932
165932
165971
165977
165997
165997
165997
166010
166011
166084
166091
166097
166772
166772
166944
166958
166963
166994
166994
166994
166994
167044
167057
167064
167118
167252
167253
167253
167253
167261
167261
167261
167261
167269
167300
167343
167430
167430
167439
167439
167450
167483
167490
167505
167518
167658
167664
167763
167770
167885
167885
168131
168456
168463
168470
168477
168731
168731
169289
169531
170018
170018
170018
170018
170018
170047
170047
170051
170054
170054
170054
170056
170056
170056
170060
170060
170061
170061
170064
170064
170065
170069
170070
170070
170070
170072
170076
170081
170081
170081
170084
170085
170085
170088
170092
170095
170095
170096
170096
170097
170097
170097
170097
170100
170103
170103
170114
170115
170115
170132
170136
170136
170136
170136
170144
170148
170158
170158
170158
170160
170163
170163
170163
170163
170163
170164
170164
170168
170168
170168
170169
170176
170176
170181
170181
170186
170186
170186
170186
170186
170186
170187
170188
170194
170194
170198
170198
170204
170204
170204
170208
170208
170208
170208
170208
170211
170215
170216
170216
170218
170218
170218
170220
170223
170228
170228
170229
170230
170231
170231
170231
170232
170232
170232
170232
170236
170236
170240
170240
170241
170241
170241
170241
170241
170243
170247
170247
170247
170249
170250
170255
170255
170256
170256
170256
170257
170262
170263
170263
170265
170265
170265
170268
170268
170270
170270
170271
170271
170271
170271
170271
170271
170276
170279
170286
170287
170297
170297
170302
170303
170309
170309
170309
170309
170309
170318
170318
170319
170321
170326
170326
170327
170331
170331
170336
170340
170340
170342
170347
170347
170348
170348
170348
170348
170348
170348
170348
170348
170348
170349
170349
170351
170352
170355
170356
170356
170356
170356
170356
170356
170356
170357
170357
170359
170359
170359
170360
170364
170364
170364
170364
170367
170367
170367
170367
170368
170372
170375
170375
170376
170376
170376
170376
170376
170376
170377
170377
170377
170377
170377
170379
170380
170380
170380
170384
170384
170384
170386
170387
170388
170389
170389
170391
170397
170397
170397
170397
170397
170397
170397
170397
170400
170404
170404
170404
170404
170415
170416
170417
170418
170418
170418
170418
170418
170418
170418
170419
170419
170419
170419
170419
170419
170419
170419
170423
170425
170425
170429
170429
170429
170429
170429
170429
170429
170429
170429
170434
170434
170434
170434
170434
170434
170435
170435
170436
170436
170438
170438
170440
170444
170446
170446
170447
170447
170447
170448
170448
170448
170451
170451
170455
170457
170457
170457
170457
170458
170458
170461
170461
170462
170462
170464
170464
170466
170468
170469
170469
170471
170472
170473
170473
170475
170475
170476
170476
170476
170476
170477
170477
170478
170479
170480
170480
170483
170483
170484
170487
170487
170487
170488
170488
170488
170488
170488
170488
170488
170488
170491
170491
170495
170495
170495
170495
170500
170500
170501
170501
170501
170501
170501
170504
170504
170507
170507
170507
170507
170513
170517
170517
170517
170517
170519
170520
170520
170520
170520
170520
170521
170521
170521
170521
170524
170525
170525
170525
170525
170526
170526
170527
170527
170527
170527
170527
170528
170529
170529
170529
170529
170532
170532
170532
170535
170537
170537
170538
170538
170539
170539
170543
170545
170545
170545
170545
170545
170545
170545
170545
170546
170553
170553
170553
170555
170555
170557
170557
170557
170559
170559
170559
170561
170561
170561
170562
170562
170563
170566
170566
170566
170566
170567
170570
170570
170570
170570
170571
170574
170574
170574
170574
170574
170575
170575
170575
170577
170577
170581
170584
170584
170586
170586
170586
170587
170587
170587
170593
170593
170593
170593
170593
170593
170593
170597
170597
170597
170597
170597
170600
170603
170603
170605
170605
170606
170612
170612
170613
170613
170613
170613
170613
170614
170616
170616
170618
170621
170622
170622
170624
170624
170626
170626
170626
170626
170628
170628
170629
170629
170629
170629
170629
170629
170630
170631
170632
170635
170635
170635
170636
170637
170637
170637
170639
170639
170640
170640
170640
170644
170644
170644
170644
170644
170644
170644
170646
170648
170648
170653
170656
170656
170663
170663
170663
170663
170663
170663
170663
170664
170669
170671
170674
170674
170674
170674
170674
170675
170676
170676
170676
170676
170677
170679
170679
170679
170680
170680
170680
170680
170680
170680
170681
170684
170684
170684
170685
170687
170687
170688
170688
170689
170689
170691
170691
170691
170692
170692
170692
170693
170694
170695
170696
170696
170697
170697
170697
170697
170697
170700
170704
170705
170705
170705
170706
170707
170710
170710
170710
170710
170712
170713
170713
170713
170713
170713
170714
170716
170717
170717
170717
170717
170719
170720
170721
170725
170726
170728
170732
170732
170732
170737
170737
170737
170738
170738
170739
170744
170744
170744
170744
170747
170748
170748
170748
170750
170750
170750
170751
170751
170752
170752
170753
170755
170755
170755
170755
170756
170756
170760
170761
170763
170765
170765
170765
170765
170766
170768
170770
170770
170771
170772
170774
170776
170776
170776
170776
170776
170776
170777
170777
170777
170781
170781
170782
170782
170782
170782
170782
170782
170782
170782
170782
170782
170783
170783
170785
170785
170785
170785
170785
170785
170785
170786
170790
170790
170790
170796
170797
170799
170799
170800
170800
170803
170803
170803
170805
170805
170805
170805
170805
170805
170805
170805
170805
170805
170805
170806
170807
170807
170811
170812
170812
170815
170816
170817
170819
170819
170819
170819
170820
170821
170821
170821
170823
170824
170827
170827
170828
170831
170832
170832
170838
170838
170843
170844
170844
170844
170850
170851
170855
170855
170858
170859
170859
170859
170859
170865
170867
170867
170871
170875
170875
170877
170877
170881
170881
170884
170884
170887
170887
170891
170891
170892
170895
170898
170898
170899
170899
170900
170903
170903
170907
170912
170919
170923
170932
170937
170937
170937
170937
170937
170937
170937
170937
170938
170939
170940
170940
170940
170942
170943
170943
170947
170947
170948
170948
170948
170951
170955
170956
170966
170967
170967
170967
170972
170976
170976
171002
171002
171003
171003
171006
171006
171006
171007
171008
171011
171011
171015
171017
171017
171017
171017
171017
171017
171018
171018
171024
171025
171025
171025
171031
171038
171038
171038
171039
171046
171051
171055
171056
171061
171061
171061
171061
171067
171067
171067
171067
171069
171069
171074
171074
171078
171083
171085
171086
171088
171089
171097
171097
171098
171098
171098
171099
171102
171103
171112
171112
171112
171112
171119
171119
171119
171119
171120
171121
171123
171123
171126
171136
171136
171140
171140
171140
171140
171140
171140
171141
171141
171141
171141
171141
171142
171145
171147
171150
171151
171151
171151
171151
171151
171156
171156
171162
171163
171168
171168
171168
171169
171171
171171
171176
171177
171177
171177
171177
171177
171178
171179
171179
171179
171179
171179
171180
171180
171184
171184
171184
171184
171187
171191
171191
171191
171195
171195
171195
171196
171203
171203
171207
171208
171214
171214
171215
171217
171217
171217
171220
171220
171220
171220
171221
171222
171222
171222
171223
171223
171224
171242
171259
171259
171259
171259
171260
171260
171263
171266
171266
171266
171267
171272
171280
171280
171291
171292
171296
171298
171298
171298
171305
171308
171310
171310
171313
171321
171323
171327
171327
171331
171331
171333
171335
171336
171336
171337
171337
171337
171337
171344
171344
171344
171348
171348
171351
171363
171367
171370
171370
171370
171370
171370
171370
171370
171372
171372
171375
171377
171377
171377
171377
171381
171381
171383
171383
171384
171385
171385
171385
171385
171385
171387
171388
171390
171391
171391
171392
171393
171394
171394
171394
171394
171394
171394
171394
171394
171394
171394
171394
171394
171395
171395
171399
171400
171404
171404
171404
171405
171406
171406
171407
171407
171407
171407
171407
171407
171407
171409
171409
171409
171409
171411
171413
171413
171415
171415
171415
171415
171415
171415
171416
171416
171416
171416
171417
171424
171424
171424
171424
171424
171424
171424
171424
171426
171426
171427
171433
171433
171436
171436
171436
171437
171438
171438
171438
171440
171444
171445
171445
171447
171447
171448
171448
171449
171449
171450
171450
171450
171450
171450
171450
171452
171452
171458
171459
171459
171468
171468
171472
171472
171473
171473
171475
171476
171477
171479
171479
171480
171480
171480
171480
171480
171480
171481
171481
171483
171484
171487
171487
171497
171497
171498
171498
171498
171501
171501
171504
171505
171505
171508
171511
171524
171528
171532
171532
171533
171533
171533
171533
171533
171533
171533
171544
171545
171546
171546
171547
171547
171547
171548
171549
171552
171552
171552
171552
171552
171552
171553
171554
171556
171556
171560
171564
171564
171564
171564
171566
171566
171568
171572
171576
171581
171583
171585
171585
171585
171585
171586
171587
171587
171588
171589
171591
171592
171593
171596
171596
171596
171596
171596
171596
171596
171601
171601
171602
171602
171602
171602
171602
171602
171606
171606
171606
171606
171607
171608
171609
171610
171610
171611
171611
171612
171613
171615
171615
171616
171616
171617
171617
171617
171618
171619
171620
171621
171621
171625
171625
171628
171632
171635
171640
171640
171652
171655
171656
171656
171656
171656
171656
171656
171657
171658
171659
171660
171661
171661
171661
171663
171664
171666
171666
171667
171667
171667
171667
171669
171672
171676
171676
171676
171676
171676
171676
171676
171676
171677
171677
171677
171680
171680
171684
171686
171687
171687
171687
171687
171688
171691
171692
171693
171693
171694
171700
171701
171703
171703
171708
171711
171712
171715
171715
171715
171715
171715
171715
171715
171716
171718
171718
171718
171718
171718
171726
171731
171732
171733
171735
171736
171738
171739
171741
171743
171744
171746
171748
171754
171754
171755
171755
171759
171759
171759
171759
171761
171764
171766
171766
171766
171766
171769
171769
171773
171773
171776
171777
171778
171785
171787
171788
171788
171788
171788
171788
171789
171789
171791
171792
171794
171794
171794
171796
171796
171797
171797
171797
171802
171802
171802
171804
171806
171807
171809
171809
171814
171814
171817
171817
171824
171829
171829
171829
171829
171830
171830
171830
171830
171830
171832
171832
171833
171837
171837
171837
171839
171839
171839
171839
171841
171841
171842
171842
171842
171842
171842
171842
171843
171844
171853
171853
171853
171853
171856
171857
171857
171857
171861
171861
171863
171863
171863
171863
171863
171865
171865
171869
171869
171871
171871
171873
171873
171873
171873
171873
171877
171877
171879
171881
171881
171881
171884
171884
171885
171885
171886
171886
171886
171887
171893
171893
171893
171895
171896
171899
171899
171899
171899
171899
171903
171903
171905
171905
171905
171905
171908
171908
171910
171911
171911
171928
171929
171929
171929
171935
171935
171935
171935
171935
171935
171935
171935
171941
171941
171943
171946
171946
171947
171948
171951
171953
171953
171955
171958
171959
171962
171962
171964
171964
171964
171964
171964
171966
171967
171975
171975
171975
171975
171975
171975
171975
171975
171975
171975
171975
171979
171979
171979
171979
171979
171980
171980
171980
171980
171980
171984
171984
171996
171996
172000
172003
172007
172007
172007
172007
172007
172007
172011
172025
172025
172029
172029
172029
172029
172029
172036
172036
172045
172047
172047
172047
172051
172056
172057
172060
172060
172060
172067
172067
172067
172067
172068
172068
172071
172071
172076
172083
172085
172085
172087
172099
172100
172100
172110
172110
172112
172117
172117
172117
172120
172121
172124
172125
172127
172127
172127
172131
172135
172137
172137
172139
172139
172141
172141
172143
172148
172149
172149
172149
172151
172151
172151
172151
172156
172156
172163
172163
172173
172173
172173
172173
172173
172178
172178
172178
172187
172187
172187
172191
172191
172195
172195
172196
172198
172200
172204
172205
172209
172215
172215
172216
172216
172224
172225
172225
172226
172235
172236
172237
172237
172237
172237
172238
172238
172246
172248
172252
172253
172256
172256
172256
172256
172257
172257
172257
172259
172259
172260
172265
172266
172267
172269
172270
172273
172276
172276
172276
172277
172277
172277
172277
172277
172278
172278
172278
172283
172287
172288
172288
172291
172292
172295
172295
172301
172302
172302
172302
172302
172302
172302
172311
172315
172328
172328
172328
172328
172331
172331
172331
172332
172334
172335
172337
172337
172345
172349
172353
172354
172354
172354
172354
172354
172354
172354
172356
172360
172361
172363
172363
172364
172364
172364
172364
172364
172365
172365
172365
172365
172365
172365
172368
172371
172371
172371
172371
172371
172371
172371
172371
172372
172372
172372
172372
172372
172372
172372
172374
172376
172377
172378
172381
172381
172381
172381
172381
172381
172381
172381
172381
172381
172381
172381
172385
172385
172385
172385
172386
172386
172386
172386
172389
172389
172392
172393
172395
172395
172395
172395
172396
172397
172399
172400
172400
172402
172402
172402
172402
172402
172403
172404
172405
172405
172416
172423
172423
172423
172423
172423
172423
172426
172426
172426
172426
172427
172427
172427
172428
172429
172429
172430
172431
172431
172431
172431
172431
172431
172431
172431
172432
172432
172436
172436
172438
172438
172438
172438
172439
172440
172440
172443
172444
172444
172445
172445
172446
172448
172448
172448
172450
172450
172450
172450
172450
172451
172452
172452
172452
172454
172455
172457
172457
172458
172458
172459
172464
172465
172467
172472
172476
172476
172482
172482
172482
172484
172485
172486
172488
172488
172490
172490
172490
172490
172490
172490
172490
172490
172490
172490
172490
172490
172492
172492
172496
172497
172497
172497
172498
172500
172500
172501
172502
172502
172502
172504
172509
172510
172510
172510
172517
172518
172518
172524
172524
172528
172529
172529
172529
172529
172535
172535
172536
172537
172537
172537
172537
172538
172540
172540
172541
172541
172542
172542
172542
172544
172544
172549
172549
172550
172550
172552
172552
172552
172555
172556
172557
172564
172564
172565
172565
172565
172565
172566
172567
172568
172568
172572
172573
172573
172575
172575
172575
172575
172576
172576
172579
172581
172581
172585
172585
172586
172590
172590
172590
172590
172591
172591
172591
172591
172591
172591
172591
172591
172591
172591
172592
172592
172593
172593
172598
172598
172598
172598
172601
172601
172603
172603
172605
172605
172608
172608
172608
172611
172613
172613
172617
172617
172618
172622
172622
172622
172622
172624
172629
172629
172631
172632
172635
172635
172635
172635
172635
172637
172637
172637
172639
172640
172641
172644
172645
172645
172648
172652
172656
172656
172656
172656
172663
172663
172664
172665
172668
172668
172668
172668
172668
172669
172669
172670
172670
172671
172672
172673
172676
172682
172683
172683
172684
172685
172688
172689
172695
172699
172699
172699
172704
172707
172708
172708
172708
172708
172709
172709
172713
172715
172715
172715
172715
172719
172719
172719
172719
172719
172719
172719
172720
172721
172721
172723
172723
172724
172724
172724
172724
172724
172725
172725
172725
172725
172725
172725
172725
172725
172726
172729
172730
172731
172731
172732
172734
172735
172735
172735
172738
172738
172738
172738
172741
172741
172741
172741
172744
172744
172744
172744
172744
172744
172744
172745
172745
172747
172750
172750
172750
172751
172753
172754
172756
172759
172759
172759
172759
172759
172759
172759
172759
172759
172759
172759
172759
172760
172760
172760
172760
172760
172760
172760
172760
172760
172760
172760
172760
172760
172760
172760
172762
172762
172762
172764
172764
172765
172765
172766
172766
172766
172766
172766
172768
172768
172769
172769
172775
172775
172775
172775
172775
172775
172776
172776
172776
172776
172776
172781
172781
172781
172781
172784
172784
172796
172803
172803
172804
172804
172804
172804
172805
172807
172807
172812
172812
172812
172812
172815
172815
172816
172816
172816
172817
172817
172817
172820
172820
172821
172821
172821
172823
172829
172829
172829
172829
172836
172836
172848
172853
172853
172854
172854
172854
172854
172854
172855
172860
172860
172861
172862
172862
172863
172863
172864
172864
172867
172871
172875
172875
172875
172875
172875
172875
172875
172875
172875
172875
172875
172875
172878
172878
172878
172878
172883
172883
172883
172883
172883
172883
172886
172886
172886
172887
172887
172887
172887
172887
172887
172888
172889
172892
172894
172895
172895
172896
172896
172896
172896
172897
172900
172900
172905
172905
172905
172905
172907
172915
172916
172916
172916
172916
172916
172916
172916
172919
172925
172925
172925
172931
172931
172931
172931
172931
172932
172932
172932
172933
172933
172935
172935
172936
172937
172937
172937
172943
172943
172947
172951
172952
172955
172956
172957
172958
172958
172964
172964
172964
172968
172968
172969
172970
172972
172973
172975
172976
172976
172976
172977
172978
172985
172987
172987
172988
172989
172991
172992
172993
172996
172996
172996
172996
172996
172998
172999
173001
173001
173002
173005
173007
173007
173008
173010
173010
173010
173013
173013
173016
173021
173021
173021
173022
173022
173024
173026
173028
173028
173033
173033
173035
173037
173037
173037
173037
173037
173038
173038
173040
173040
173042
173042
173042
173044
173044
173047
173048
173053
173053
173055
173060
173068
173068
173068
173071
173071
173071
173079
173079
173088
173089
173091
173091
173091
173095
173102
173105
173105
173105
173107
173110
173110
173110
173110
173113
173113
173113
173116
173117
173117
173122
173122
173123
173127
173131
173132
173132
173132
173133
173133
173135
173135
173135
173136
173138
173141
173141
173141
173141
173141
173151
173153
173153
173153
173158
173158
173159
173159
173160
173161
173161
173161
173161
173163
173166
173166
173171
173171
173175
173175
173177
173177
173177
173177
173183
173183
173193
173193
173195
173196
173196
173197
173202
173202
173203
173206
173206
173206
173215
173215
173218
173219
173219
173219
173222
173222
173222
173222
173223
173223
173232
173244
173244
173244
173247
173253
173253
173253
173254
173254
173254
173254
173256
173256
173256
173257
173259
173259
173263
173263
173263
173263
173263
173266
173266
173266
173266
173267
173271
173271
173283
173283
173287
173287
173290
173291
173291
173295
173296
173301
173301
173305
173305
173305
173307
173308
173310
173311
173311
173311
173311
173311
173311
173311
173311
173315
173316
173316
173319
173323
173327
173346
173350
173350
173350
173350
173351
173352
173355
173358
173363
173366
173371
173375
173379
173383
173383
173383
173383
173385
173385
173385
173385
173386
173387
173387
173390
173390
173390
173391
173391
173395
173395
173395
173396
173396
173396
173396
173396
173396
173407
173407
173407
173409
173411
173414
173414
173414
173417
173419
173419
173420
173420
173421
173423
173423
173427
173428
173431
173431
173432
173437
173437
173438
173440
173441
173443
173443
173444
173445
173445
173445
173447
173448
173451
173451
173454
173454
173454
173455
173460
173463
173467
173468
173472
173472
173472
173477
173484
173488
173488
173496
173497
173497
173497
173506
173508
173508
173509
173511
173515
173515
173515
173517
173517
173518
173523
173523
173523
173525
173525
173525
173525
173528
173529
173529
173538
173539
173539
173539
173539
173539
173540
173540
173541
173555
173555
173556
173556
173556
173556
173556
173556
173556
173556
173558
173558
173558
173559
173560
173560
173563
173564
173566
173566
173568
173568
173568
173571
173575
173576
173579
173579
173579
173579
173579
173580
173580
173584
173585
173585
173587
173587
173587
173589
173589
173592
173592
173596
173596
173597
173597
173597
173602
173603
173603
173603
173603
173603
173603
173605
173605
173605
173605
173608
173612
173615
173618
173628
173631
173631
173633
173633
173635
173635
173635
173636
173637
173637
173638
173638
173640
173640
173641
173641
173644
173645
173645
173645
173646
173647
173648
173648
173648
173648
173653
173653
173655
173655
173655
173655
173655
173655
173656
173657
173658
173658
173658
173659
173660
173664
173664
173664
173666
173671
173671
173671
173671
173672
173672
173675
173675
173677
173677
173680
173680
173680
173680
173680
173680
173680
173680
173681
173681
173683
173683
173683
173683
173683
173689
173689
173689
173689
173695
173695
173695
173695
173696
173699
173700
173703
173704
173704
173705
173707
173708
173708
173708
173708
173708
173712
173714
173714
173714
173714
173715
173717
173723
173723
173723
173728
173728
173728
173728
173729
173729
173733
173733
173733
173733
173733
173735
173736
173738
173739
173739
173739
173740
173741
173741
173741
173744
173745
173745
173746
173746
173749
173749
173752
173752
173753
173753
173757
173757
173757
173759
173760
173760
173761
173763
173764
173766
173768
173769
173769
173770
173771
173772
173773
173773
173774
173774
173774
173774
173776
173777
173777
173777
173777
173777
173777
173777
173777
173777
173780
173781
173782
173782
173782
173782
173782
173783
173789
173789
173789
173789
173796
173796
173796
173797
173805
173808
173808
173812
173815
173815
173815
173817
173817
173817
173818
173818
173818
173818
173818
173818
173818
173818
173820
173820
173820
173820
173820
173820
173820
173820
173820
173820
173820
173826
173826
173826
173827
173828
173828
173828
173828
173828
173828
173828
173828
173828
173829
173829
173829
173829
173835
173836
173836
173836
173836
173836
173836
173836
173838
173838
173838
173838
173838
173838
173838
173839
173840
173841
173841
173841
173844
173846
173848
173848
173852
173856
173856
173857
173857
173859
173860
173863
173863
173864
173865
173866
173866
173867
173874
173874
173874
173874
173875
173876
173879
173879
173880
173881
173884
173885
173885
173887
173887
173887
173887
173888
173891
173891
173891
173893
173893
173895
173895
173896
173896
173897
173897
173897
173897
173897
173899
173901
173901
173906
173906
173907
173907
173910
173910
173910
173913
173913
173915
173915
173917
173917
173920
173922
173922
173922
173922
173923
173929
173929
173933
173941
173944
173944
173945
173949
173949
173957
173957
173957
173957
173957
173960
173978
173978
173978
173978
173981
173982
173983
173983
173984
173984
173986
173986
173986
173987
173987
173987
173989
173989
173991
173992
173996
173996
173996
173997
173997
173998
174000
174000
174000
174000
174004
174004
174006
174007
174007
174008
174011
174015
174016
174016
174019
174019
174020
174023
174023
174024
174026
174027
174036
174040
174044
174046
174051
174052
174057
174057
174057
174057
174057
174057
174057
174057
174057
174058
174058
174058
174058
174059
174060
174060
174061
174062
174063
174064
174067
174067
174067
174067
174067
174067
174067
174070
174070
174070
174070
174070
174073
174073
174073
174073
174077
174077
174077
174077
174079
174079
174080
174081
174083
174083
174085
174085
174087
174087
174087
174088
174095
174097
174097
174099
174100
174103
174103
174103
174104
174107
174115
174116
174119
174123
174123
174123
174123
174123
174123
174123
174123
174123
174123
174124
174124
174127
174150
174150
174150
174155
174155
174155
174155
174156
174163
174167
174168
174172
174172
174172
174175
174180
174180
174180
174184
174184
174184
174184
174187
174188
174188
174188
174189
174189
174189
174190
174190
174191
174191
174199
174204
174204
174207
174209
174209
174210
174210
174210
174210
174210
174214
174214
174214
174217
174217
174217
174222
174222
174224
174224
174224
174224
174224
174225
174229
174229
174229
174229
174229
174231
174231
174232
174232
174232
174233
174233
174233
174233
174233
174233
174233
174237
174237
174240
174244
174244
174247
174248
174251
174263
174269
174269
174269
174271
174273
174273
174275
174275
174277
174277
174292
174292
174295
174295
174303
174303
174308
174308
174329
174332
174332
174332
174333
174333
174333
174334
174335
174336
174336
174347
174347
174347
174352
174353
174353
174353
174355
174355
174355
174355
174356
174357
174357
174367
174367
174368
174375
174379
174379
174379
174379
174395
174396
174397
174397
174397
174398
174399
174400
174401
174401
174401
174402
174404
174405
174405
174408
174420
174423
174423
174423
174423
174423
174426
174426
174428
174428
174447
174448
174452
174452
174453
174453
174456
174456
174464
174477
174477
174477
174483
174483
174483
174483
174483
174485
174485
174489
174494
174494
174495
174499
174500
174500
174500
174501
174506
174506
174506
174516
174530
174530
174530
174530
174530
174530
174530
174530
174530
174530
174530
174530
174530
174531
174531
174531
174531
174531
174531
174531
174531
174531
174531
174531
174531
174531
174531
174531
174531
174531
174531
174531
174532
174532
174532
174532
174532
174532
174532
174532
174532
174532
174532
174532
174532
174532
174532
174532
174532
174532
174532
174532
174532
174532
174532
174532
174533
174535
174536
174539
174539
174539
174545
174546
174546
174546
174546
174554
174555
174555
174555
174555
174556
174557
174562
174562
174562
174562
174562
174565
174567
174568
174569
174571
174572
174573
174573
174573
174575
174577
174578
174578
174578
174579
174580
174580
174580
174586
174588
174588
174588
174595
174596
174609
174609
174609
174612
174614
174617
174618
174618
174620
174620
174625
174626
174633
174633
174637
174637
174637
174637
174637
174638
174642
174642
174642
174642
174643
174643
174643
174645
174645
174646
174646
174647
174649
174649
174657
174664
174664
174666
174666
174666
174666
174666
174666
174666
174667
174669
174670
174675
174675
174675
174679
174679
174680
174687
174687
174687
174688
174696
174696
174700
174701
174704
174705
174705
174708
174710
174710
174711
174713
174713
174714
174714
174714
174714
174714
174716
174716
174720
174724
174726
174726
174726
174727
174727
174727
174727
174727
174728
174728
174732
174732
174735
174735
174736
174736
174740
174740
174741
174741
174744
174745
174745
174747
174747
174749
174749
174749
174749
174749
174749
174749
174749
174750
174750
174750
174750
174750
174750
174752
174752
174752
174752
174753
174753
174753
174757
174766
174768
174768
174769
174769
174769
174769
174769
174772
174774
174774
174776
174777
174781
174781
174784
174784
174784
174789
174790
174790
174790
174790
174797
174797
174798
174799
174799
174799
174800
174801
174801
174801
174801
174801
174803
174804
174805
174806
174806
174807
174807
174807
174807
174808
174808
174808
174809
174810
174810
174810
174813
174814
174814
174815
174816
174816
174816
174820
174821
174822
174822
174822
174822
174822
174822
174823
174824
174826
174826
174828
174829
174831
174831
174831
174831
174831
174831
174832
174832
174832
174832
174832
174832
174837
174837
174837
174837
174837
174837
174837
174840
174840
174840
174840
174840
174841
174842
174842
174844
174844
174846
174846
174852
174852
174852
174852
174852
174852
174852
174855
174856
174856
174856
174862
174862
174862
174863
174863
174865
174865
174865
174867
174868
174869
174871
174872
174872
174872
174872
174873
174873
174873
174874
174874
174875
174876
174876
174876
174877
174877
174877
174880
174880
174880
174880
174880
174880
174887
174887
174887
174890
174890
174890
174890
174891
174891
174894
174896
174898
174900
174909
174912
174914
174914
174914
174914
174914
174914
174914
174914
174914
174916
174916
174916
174916
174917
174917
174920
174921
174921
174921
174921
174921
174921
174922
174922
174928
174929
174929
174929
174929
174929
174929
174930
174930
174930
174930
174930
174930
174930
174930
174930
174932
174935
174936
174937
174937
174937
174937
174937
174937
174943
174948
174948
174948
174951
174956
174956
174956
174956
174957
174957
174959
174959
174964
174966
174966
174967
174967
174968
174968
174968
174975
174979
174979
174979
174981
174981
174983
174983
174984
174985
174986
174986
174986
174986
174987
174987
174987
174989
174991
174992
174996
174996
174997
174997
174997
174997
174997
174999
174999
175001
175001
175005
175005
175005
175006
175008
175015
175017
175017
175017
175017
175017
175024
175028
175031
175033
175033
175033
175033
175033
175033
175035
175036
175036
175040
175045
175045
175051
175051
175052
175052
175052
175052
175052
175065
175067
175067
175067
175067
175067
175072
175072
175077
175078
175080
175081
175081
175085
175085
175085
175086
175086
175089
175089
175090
175091
175091
175091
175091
175091
175093
175093
175096
175096
175097
175101
175101
175101
175101
175101
175101
175101
175102
175102
175102
175103
175105
175105
175111
175115
175120
175120
175120
175123
175123
175127
175129
175129
175129
175129
175130
175130
175130
175130
175132
175132
175133
175133
175136
175136
175136
175136
175136
175136
175136
175136
175136
175136
175137
175137
175137
175137
175137
175137
175137
175137
175137
175137
175137
175137
175141
175141
175143
175146
175146
175146
175146
175146
175148
175148
175149
175149
175149
175152
175154
175156
175156
175159
175164
175164
175164
175168
175168
175175
175176
175181
175187
175187
175188
175195
175196
175196
175196
175198
175200
175200
175201
175203
175205
175209
175210
175220
175223
175229
175229
175229
175236
175236
175236
175236
175236
175236
175236
175236
175242
175242
175244
175244
175252
175252
175252
175254
175254
175257
175257
175261
175261
175261
175261
175261
175261
175262
175262
175262
175262
175262
175262
175262
175262
175263
175266
175268
175269
175270
175272
175273
175273
175273
175273
175273
175273
175273
175273
175273
175276
175277
175277
175278
175280
175281
175281
175284
175284
175285
175285
175286
175286
175288
175288
175288
175289
175289
175290
175290
175290
175291
175292
175293
175293
175295
175295
175295
175296
175296
175296
175296
175296
175296
175313
175313
175313
175313
175316
175316
175316
175325
175325
175326
175326
175327
175327
175327
175328
175328
175328
175328
175333
175335
175337
175340
175340
175340
175340
175340
175340
175340
175340
175341
175341
175341
175341
175341
175341
175345
175345
175345
175351
175359
175360
175360
175360
175360
175362
175362
175362
175362
175365
175365
175365
175368
175368
175368
175368
175369
175369
175373
175374
175374
175374
175374
175374
175374
175374
175374
175374
175382
175382
175382
175382
175382
175382
175382
175383
175383
175383
175387
175387
175388
175388
175395
175396
175401
175401
175401
175401
175401
175408
175408
175408
175416
175425
175425
175425
175433
175433
175433
175433
175433
175433
175434
175436
175436
175437
175438
175438
175440
175441
175442
175443
175443
175443
175443
175453
175453
175455
175455
175466
175467
175467
175467
175468
175468
175469
175471
175477
175487
175492
175492
175494
175494
175494
175495
175496
175496
175496
175498
175501
175501
175501
175501
175502
175502
175505
175505
175505
175508
175508
175508
175510
175513
175513
175514
175514
175514
175514
175520
175520
175520
175524
175524
175525
175527
175527
175527
175528
175528
175530
175530
175530
175531
175531
175534
175535
175535
175535
175535
175535
175538
175538
175545
175550
175550
175550
175550
175551
175554
175555
175555
175557
175558
175560
175560
175562
175562
175565
175565
175568
175572
175572
175574
175576
175578
175579
175580
175581
175582
175584
175586
175588
175588
175588
175588
175590
175591
175591
175595
175595
175601
175603
175603
175603
175603
175605
175605
175605
175605
175605
175605
175605
175605
175605
175606
175613
175615
175615
175615
175615
175616
175617
175619
175619
175620
175623
175623
175624
175625
175626
175626
175626
175629
175640
175640
175640
175640
175642
175642
175646
175646
175646
175647
175647
175647
175647
175650
175654
175655
175655
175656
175657
175657
175657
175661
175662
175662
175662
175663
175663
175667
175667
175667
175667
175667
175667
175671
175671
175672
175676
175676
175676
175677
175678
175680
175680
175683
175683
175687
175687
175687
175687
175687
175688
175688
175688
175689
175693
175693
175697
175697
175700
175700
175700
175701
175701
175701
175701
175701
175701
175701
175702
175702
175705
175705
175706
175707
175707
175707
175708
175713
175713
175713
175719
175719
175719
175720
175720
175720
175723
175727
175727
175727
175728
175728
175728
175733
175737
175737
175738
175738
175738
175739
175739
175739
175739
175739
175739
175740
175741
175741
175741
175745
175745
175746
175747
175747
175747
175747
175747
175748
175749
175753
175753
175754
175755
175755
175757
175757
175758
175758
175758
175758
175758
175758
175758
175758
175758
175761
175761
175762
175765
175765
175766
175766
175767
175768
175769
175770
175772
175774
175775
175775
175776
175777
175777
175777
175777
175779
175783
175783
175783
175783
175786
175786
175786
175792
175792
175793
175794
175798
175798
175798
175800
175800
175800
175800
175800
175801
175801
175806
175807
175808
175808
175808
175808
175808
175808
175808
175814
175814
175814
175814
175814
175820
175820
175820
175820
175820
175826
175827
175828
175828
175828
175828
175828
175828
175828
175828
175828
175828
175828
175828
175828
175838
175838
175838
175838
175838
175838
175844
175851
175851
175851
175851
175851
175851
175851
175851
175851
175851
175851
175855
175855
175856
175857
175858
175858
175858
175858
175860
175860
175864
175868
175868
175870
175870
175870
175870
175870
175870
175872
175876
175876
175876
175880
175880
175884
175888
175888
175895
175895
175895
175896
175897
175897
175897
175897
175898
175898
175899
175899
175899
175899
175899
175899
175899
175899
175899
175899
175900
175900
175902
175902
175906
175908
175909
175912
175912
175912
175912
175912
175912
175912
175916
175916
175916
175917
175917
175917
175917
175917
175917
175917
175919
175919
175920
175920
175921
175924
175924
175924
175927
175927
175928
175929
175929
175930
175932
175932
175934
175934
175934
175934
175935
175938
175940
175942
175942
175942
175942
175942
175942
175944
175944
175948
175948
175948
175948
175948
175948
175950
175953
175953
175956
175956
175961
175961
175961
175961
175961
175971
175971
175971
175971
175971
175972
175972
175972
175972
175972
175979
175980
175980
175980
175980
175980
175980
175980
175980
175983
175983
175983
175983
175983
175984
175984
175984
175984
175985
175985
175986
175986
175986
175986
175989
175989
175993
175993
175993
175996
175996
175996
175996
175997
175998
175998
175998
175998
175998
175999
176000
176001
176006
176015
176015
176017
176017
176017
176017
176021
176021
176024
176025
176025
176028
176028
176028
176031
176033
176033
176033
176033
176033
176035
176035
176035
176036
176036
176037
176037
176038
176041
176041
176041
176042
176042
176042
176042
176045
176045
176046
176046
176048
176052
176057
176061
176064
176064
176068
176075
176079
176079
176079
176079
176079
176079
176079
176079
176080
176081
176086
176086
176086
176087
176092
176096
176096
176097
176097
176104
176104
176104
176105
176108
176108
176108
176112
176112
176112
176113
176113
176113
176114
176115
176116
176116
176117
176120
176120
176123
176124
176124
176128
176129
176129
176129
176129
176129
176129
176129
176129
176132
176132
176134
176134
176134
176134
176134
176136
176136
176138
176140
176143
176145
176146
176148
176148
176148
176149
176149
176154
176154
176154
176154
176154
176158
176158
176158
176161
176161
176161
176161
176161
176161
176163
176163
176164
176164
176164
176164
176164
176164
176164
176167
176167
176167
176169
176169
176169
176173
176173
176173
176173
176173
176173
176176
176177
176181
176181
176185
176185
176185
176190
176190
176190
176199
176199
176200
176200
176204
176204
176204
176204
176204
176204
176205
176205
176205
176205
176205
176205
176205
176205
176205
176205
176206
176206
176208
176208
176208
176208
176208
176215
176215
176215
176216
176216
176216
176216
176222
176222
176223
176223
176224
176224
176227
176227
176227
176227
176239
176241
176242
176242
176242
176242
176242
176242
176242
176242
176242
176242
176242
176242
176242
176244
176244
176245
176245
176248
176249
176249
176249
176249
176249
176249
176249
176249
176249
176249
176252
176252
176252
176252
176252
176252
176252
176253
176256
176256
176256
176257
176259
176259
176259
176259
176259
176259
176260
176261
176261
176261
176265
176265
176265
176273
176273
176275
176276
176276
176276
176277
176278
176278
176278
176278
176285
176286
176286
176287
176287
176289
176289
176293
176293
176295
176297
176297
176303
176303
176303
176303
176308
176308
176314
176315
176315
176315
176317
176322
176324
176351
176352
176355
176356
176356
176356
176360
176362
176362
176372
176375
176376
176377
176380
176381
176384
176385
176385
176391
176391
176391
176391
176393
176395
176396
176396
176397
176397
176397
176400
176401
176401
176404
176404
176407
176408
176408
176408
176408
176408
176412
176412
176416
176417
176424
176426
176434
176434
176435
176440
176440
176440
176440
176440
176440
176440
176445
176445
176445
176448
176448
176455
176457
176461
176461
176462
176465
176475
176475
176476
176476
176478
176478
176480
176480
176484
176484
176485
176485
176485
176485
176488
176488
176492
176494
176494
176494
176495
176497
176502
176502
176502
176505
176506
176506
176516
176516
176517
176524
176524
176525
176529
176532
176532
176532
176533
176533
176533
176533
176534
176534
176534
176534
176534
176534
176537
176537
176537
176539
176539
176539
176546
176546
176546
176546
176547
176553
176553
176557
176558
176559
176570
176570
176570
176570
176571
176571
176573
176573
176573
176573
176573
176574
176574
176574
176576
176576
176577
176581
176581
176581
176582
176582
176583
176585
176585
176593
176597
176601
176601
176601
176602
176602
176604
176604
176604
176604
176605
176605
176605
176605
176605
176605
176606
176606
176606
176606
176606
176606
176606
176606
176608
176609
176609
176612
176613
176614
176614
176614
176614
176617
176617
176617
176618
176618
176618
176620
176625
176625
176625
176625
176625
176626
176626
176632
176633
176633
176637
176637
176638
176638
176638
176638
176641
176641
176641
176641
176641
176641
176646
176646
176646
176646
176646
176648
176649
176652
176652
176652
176652
176652
176653
176653
176653
176653
176653
176653
176653
176653
176653
176653
176653
176654
176654
176654
176656
176661
176661
176663
176664
176664
176664
176664
176665
176665
176665
176665
176665
176669
176673
176676
176676
176676
176676
176676
176676
176676
176676
176677
176677
176677
176677
176678
176678
176678
176678
176679
176681
176681
176681
176682
176682
176682
176685
176688
176688
176689
176689
176690
176691
176691
176691
176691
176692
176692
176692
176693
176694
176696
176701
176703
176703
176703
176703
176703
176703
176709
176709
176709
176713
176714
176714
176714
176714
176714
176716
176716
176717
176717
176721
176730
176730
176730
176730
176730
176730
176730
176731
176731
176733
176737
176737
176737
176737
176737
176737
176737
176738
176738
176738
176738
176738
176739
176739
176739
176739
176739
176741
176742
176745
176745
176745
176745
176745
176745
176745
176745
176746
176752
176752
176752
176752
176752
176754
176757
176757
176757
176757
176757
176757
176757
176759
176759
176759
176759
176759
176759
176760
176761
176764
176765
176767
176767
176767
176767
176771
176775
176777
176777
176778
176779
176779
176779
176779
176779
176779
176779
176779
176779
176782
176782
176786
176786
176787
176787
176787
176787
176788
176788
176788
176790
176790
176794
176794
176795
176795
176796
176796
176797
176797
176798
176798
176800
176800
176800
176800
176800
176808
176808
176810
176813
176813
176813
176813
176813
176816
176818
176818
176819
176819
176819
176819
176819
176819
176819
176820
176824
176824
176824
176824
176824
176826
176827
176828
176830
176832
176834
176834
176836
176838
176838
176843
176843
176843
176844
176845
176848
176849
176849
176849
176850
176850
176850
176850
176850
176850
176850
176850
176850
176851
176852
176852
176858
176861
176864
176864
176864
176864
176864
176864
176864
176864
176864
176865
176865
176865
176865
176865
176867
176867
176867
176867
176867
176867
176867
176868
176868
176868
176868
176872
176872
176875
176875
176877
176877
176877
176881
176884
176884
176884
176884
176884
176888
176888
176889
176889
176892
176892
176893
176894
176894
176894
176896
176896
176897
176897
176898
176901
176905
176905
176906
176910
176910
176921
176921
176922
176922
176922
176922
176924
176926
176926
176933
176933
176936
176936
176937
176939
176939
176940
176940
176940
176942
176942
176942
176944
176944
176945
176945
176948
176949
176949
176953
176953
176957
176957
176961
176965
176966
176966
176966
176966
176966
176966
176966
176966
176969
176970
176971
176973
176973
176976
176976
176977
176984
176988
176996
176997
176997
176997
176998
176998
177000
177001
177009
177009
177009
177010
177012
177013
177018
177018
177018
177021
177021
177029
177030
177030
177031
177031
177032
177032
177032
177033
177033
177033
177033
177039
177039
177039
177039
177039
177045
177046
177046
177049
177049
177049
177049
177052
177052
177052
177052
177052
177053
177054
177055
177055
177056
177056
177057
177060
177061
177063
177064
177064
177066
177066
177067
177067
177067
177068
177068
177068
177068
177068
177068
177069
177072
177072
177076
177076
177076
177080
177082
177085
177090
177092
177092
177092
177094
177094
177094
177095
177095
177095
177095
177097
177097
177099
177099
177099
177099
177099
177099
177099
177099
177099
177100
177100
177100
177100
177100
177100
177101
177101
177106
177108
177113
177116
177119
177121
177121
177121
177121
177121
177124
177125
177125
177125
177125
177125
177125
177125
177126
177128
177128
177128
177129
177136
177142
177142
177145
177145
177145
177145
177146
177146
177146
177146
177146
177148
177152
177152
177157
177157
177160
177160
177160
177160
177160
177160
177161
177162
177162
177164
177166
177166
177168
177168
177168
177168
177169
177173
177173
177173
177175
177175
177176
177178
177183
177186
177186
177188
177189
177190
177191
177192
177195
177195
177195
177195
177197
177197
177198
177201
177201
177204
177204
177205
177205
177208
177208
177208
177208
177208
177208
177208
177208
177209
177209
177210
177210
177210
177210
177214
177214
177214
177214
177216
177218
177221
177221
177221
177224
177225
177228
177228
177228
177228
177228
177229
177229
177229
177229
177234
177234
177237
177237
177241
177246
177246
177246
177246
177246
177247
177247
177247
177247
177247
177247
177249
177253
177253
177257
177258
177258
177260
177260
177260
177260
177260
177260
177260
177264
177268
177269
177273
177285
177286
177286
177286
177286
177286
177286
177288
177288
177291
177291
177291
177293
177293
177300
177303
177305
177305
177305
177310
177310
177311
177315
177315
177319
177321
177324
177324
177324
177327
177328
177328
177331
177331
177334
177335
177338
177343
177347
177347
177348
177348
177348
177348
177349
177349
177349
177353
177353
177353
177355
177357
177357
177357
177358
177358
177358
177358
177361
177361
177365
177365
177367
177367
177371
177371
177375
177375
177377
177377
177377
177378
177378
177378
177381
177381
177381
177381
177385
177385
177385
177385
177389
177389
177389
177389
177389
177389
177393
177393
177397
177397
177400
177400
177400
177400
177401
177403
177403
177406
177407
177408
177408
177412
177412
177416
177416
177418
177421
177421
177421
177422
177423
177423
177424
177425
177425
177426
177427
177427
177427
177429
177430
177432
177432
177432
177433
177433
177433
177433
177433
177437
177437
177437
177437
177437
177437
177437
177438
177438
177439
177439
177441
177441
177444
177445
177445
177456
177456
177456
177456
177456
177459
177459
177460
177464
177464
177468
177472
177479
177479
177483
177488
177488
177491
177491
177494
177494
177496
177498
177498
177502
177504
177506
177507
177508
177508
177510
177512
177512
177513
177514
177514
177514
177515
177518
177520
177520
177521
177522
177523
177524
177528
177528
177528
177532
177533
177533
177534
177535
177536
177536
177537
177538
177538
177538
177544
177548
177550
177553
177553
177553
177553
177554
177554
177557
177557
177557
177560
177560
177565
177565
177569
177569
177573
177580
177584
177584
177587
177588
177590
177597
177598
177598
177599
177599
177602
177602
177602
177605
177605
177606
177606
177608
177608
177608
177609
177611
177611
177613
177613
177613
177613
177614
177616
177617
177620
177620
177624
177625
177628
177630
177630
177630
177633
177633
177633
177635
177635
177637
177641
177653
177656
177656
177660
177664
177664
177667
177673
177679
177679
177679
177679
177680
177682
177683
177684
177685
177685
177686
177687
177687
177688
177688
177688
177688
177688
177688
177691
177691
177702
177702
177702
177704
177704
177704
177705
177705
177705
177705
177705
177705
177706
177706
177708
177709
177709
177709
177715
177715
177716
177722
177723
177723
177727
177727
177728
177728
177728
177728
177728
177728
177728
177728
177728
177728
177730
177733
177736
177736
177736
177736
177736
177740
177741
177744
177745
177745
177745
177745
177747
177748
177748
177748
177748
177748
177749
177749
177749
177749
177758
177758
177758
177758
177758
177758
177758
177759
177761
177763
177764
177765
177765
177766
177766
177766
177766
177767
177767
177768
177768
177768
177768
177768
177768
177769
177772
177772
177772
177773
177775
177775
177775
177775
177776
177776
177777
177777
177777
177777
177780
177780
177780
177780
177781
177781
177785
177786
177786
177786
177786
177789
177789
177793
177793
177793
177794
177797
177797
177797
177797
177800
177800
177800
177800
177800
177800
177800
177801
177801
177806
177806
177807
177808
177808
177809
177809
177809
177815
177816
177817
177818
177819
177819
177819
177821
177821
177827
177827
177833
177833
177834
177834
177834
177834
177835
177836
177837
177837
177837
177841
177842
177845
177845
177845
177853
177854
177856
177859
177860
177861
177861
177861
177861
177861
177861
177861
177861
177861
177861
177861
177861
177861
177861
177861
177862
177863
177865
177865
177866
177866
177866
177866
177866
177866
177867
177869
177873
177874
177874
177876
177876
177881
177881
177881
177882
177882
177885
177887
177887
177887
177887
177888
177895
177895
177895
177899
177899
177899
177900
177901
177901
177901
177901
177901
177901
177901
177901
177904
177904
177904
177904
177904
177904
177904
177904
177904
177904
177904
177905
177905
177905
177905
177905
177905
177905
177905
177905
177906
177906
177906
177906
177909
177909
177909
177911
177911
177911
177912
177916
177916
177917
177917
177918
177919
177919
177919
177919
177920
177923
177924
177924
177925
177928
177933
177936
177937
177937
177937
177937
177937
177941
177941
177945
177945
177945
177946
177949
177949
177953
177953
177953
177954
177954
177955
177955
177955
177957
177957
177957
177957
177957
177957
177957
177957
177957
177957
177957
177958
177960
177960
177960
177960
177964
177964
177965
177968
177968
177968
177968
177968
177968
177968
177968
177971
177971
177972
177972
177972
177973
177973
177976
177976
177976
177976
177977
177977
177978
177981
177986
177986
177986
177986
177993
177993
177995
177995
177995
177996
177997
177998
178001
178006
178006
178006
178007
178007
178007
178009
178012
178012
178012
178013
178014
178015
178015
178016
178017
178017
178017
178017
178017
178017
178020
178020
178028
178028
178029
178029
178032
178032
178032
178032
178032
178032
178033
178036
178036
178040
178040
178040
178040
178040
178040
178041
178041
178041
178041
178041
178041
178041
178041
178044
178045
178045
178045
178045
178045
178048
178048
178048
178048
178048
178049
178049
178049
178049
178049
178049
178052
178052
178055
178056
178056
178056
178057
178057
178057
178061
178061
178064
178067
178067
178067
178067
178069
178069
178071
178073
178073
178076
178076
178077
178077
178077
178079
178079
178079
178079
178079
178080
178080
178080
178081
178081
178084
178087
178088
178088
178088
178088
178088
178089
178089
178089
178093
178093
178094
178094
178097
178097
178097
178102
178102
178102
178102
178102
178103
178105
178109
178110
178113
178113
178113
178117
178117
178118
178118
178118
178118
178118
178118
178125
178128
178133
178133
178133
178133
178133
178133
178136
178136
178137
178137
178137
178137
178141
178141
178148
178149
178153
178153
178155
178155
178155
178155
178157
178162
178163
178163
178163
178170
178170
178170
178170
178170
178171
178171
178174
178175
178177
178178
178178
178181
178183
178184
178186
178186
178188
178188
178188
178188
178189
178189
178191
178192
178192
178192
178192
178193
178194
178195
178196
178197
178197
178197
178198
178198
178202
178202
178203
178203
178204
178204
178204
178204
178210
178210
178210
178210
178220
178220
178221
178221
178221
178221
178221
178221
178223
178223
178229
178229
178230
178230
178234
178234
178234
178234
178238
178241
178241
178246
178246
178257
178260
178261
178272
178273
178276
178276
178276
178277
178280
178287
178288
178288
178288
178288
178300
178303
178303
178303
178303
178303
178303
178303
178305
178305
178305
178305
178306
178312
178315
178316
178320
178320
178323
178336
178339
178339
178339
178339
178339
178345
178346
178346
178348
178348
178351
178351
178351
178351
178352
178352
178354
178354
178354
178354
178354
178356
178356
178357
178359
178359
178359
178361
178361
178388
178389
178392
178392
178396
178396
178396
178396
178400
178400
178404
178404
178406
178407
178407
178407
178407
178407
178407
178407
178409
178409
178412
178412
178415
178415
178416
178416
178418
178418
178418
178418
178418
178418
178420
178420
178424
178424
178427
178427
178427
178427
178427
178428
178428
178436
178442
178442
178445
178446
178446
178447
178447
178447
178447
178447
178447
178447
178447
178447
178448
178448
178448
178448
178449
178452
178452
178457
178457
178460
178460
178464
178464
178466
178469
178469
178483
178483
178484
178488
178489
178493
178493
178493
178494
178494
178494
178494
178494
178494
178494
178497
178497
178498
178498
178498
178505
178505
178505
178508
178508
178511
178511
178511
178511
178512
178512
178512
178512
178513
178514
178514
178516
178517
178517
178521
178521
178522
178522
178528
178528
178536
178536
178540
178540
178543
178544
178544
178547
178547
178548
178551
178551
178551
178551
178552
178557
178557
178557
178560
178560
178570
178572
178576
178576
178577
178580
178580
178580
178580
178580
178580
178580
178581
178581
178581
178581
178581
178581
178581
178581
178581
178582
178582
178582
178582
178582
178582
178582
178582
178582
178582
178588
178588
178589
178589
178593
178593
178594
178595
178595
178595
178595
178597
178597
178597
178597
178598
178604
178604
178609
178609
178609
178609
178609
178609
178609
178610
178610
178611
178615
178615
178615
178615
178615
178616
178616
178616
178624
178624
178624
178624
178624
178624
178625
178635
178640
178641
178641
178645
178645
178647
178648
178648
178648
178648
178648
178649
178652
178653
178653
178656
178656
178656
178656
178657
178657
178658
178658
178659
178660
178664
178666
178666
178667
178668
178673
178674
178675
178675
178676
178677
178678
178678
178678
178680
178686
178687
178688
178688
178691
178691
178691
178691
178691
178691
178691
178692
178692
178692
178692
178692
178692
178692
178692
178692
178692
178696
178697
178697
178697
178697
178697
178701
178703
178706
178708
178709
178709
178714
178714
178714
178714
178714
178714
178715
178717
178720
178727
178731
178731
178731
178731
178731
178731
178731
178731
178731
178731
178731
178731
178731
178731
178731
178731
178731
178732
178737
178737
178737
178737
178737
178737
178737
178741
178742
178742
178748
178748
178749
178749
178749
178749
178749
178750
178750
178750
178750
178756
178756
178757
178757
178757
178757
178760
178760
178761
178761
178764
178764
178765
178768
178770
178770
178770
178770
178770
178770
178770
178770
178779
178780
178780
178780
178780
178780
178780
178784
178785
178787
178788
178788
178788
178788
178788
178788
178788
178788
178788
178788
178791
178791
178791
178791
178791
178792
178793
178793
178796
178798
178798
178798
178798
178800
178801
178805
178808
178808
178808
178808
178812
178812
178816
178817
178820
178820
178825
178830
178831
178832
178833
178836
178837
178838
178839
178839
178839
178839
178839
178839
178839
178839
178842
178842
178842
178843
178847
178847
178847
178847
178849
178850
178851
178851
178851
178851
178851
178851
178851
178851
178851
178851
178852
178853
178856
178856
178861
178861
178865
178866
178867
178867
178869
178871
178871
178873
178874
178874
178877
178878
178878
178880
178881
178881
178882
178883
178884
178884
178885
178885
178885
178886
178886
178887
178888
178889
178889
178889
178891
178891
178892
178892
178894
178895
178896
178897
178897
178897
178897
178898
178898
178899
178900
178901
178902
178902
178902
178902
178902
178903
178904
178904
178904
178905
178905
178905
178905
178905
178905
178906
178906
178907
178908
178908
178909
178909
178910
178910
178911
178916
178916
178921
178925
178925
178925
178925
178925
178925
178925
178925
178926
178926
178926
178926
178926
178926
178928
178928
178928
178928
178928
178928
178928
178928
178929
178929
178929
178930
178930
178932
178932
178934
178937
178937
178937
178937
178937
178937
178940
178943
178943
178943
178945
178949
178949
178949
178949
178949
178953
178955
178955
178956
178957
178958
178959
178961
178965
178965
178966
178968
178968
178973
178974
178974
178974
178976
178977
178977
178981
178982
178982
178982
178985
178988
178992
178993
178994
178994
178994
178994
178995
178995
178995
178995
178997
178997
178997
178997
178998
178998
178998
178998
178998
178998
178998
178998
178999
179000
179000
179000
179000
179000
179000
179000
179000
179000
179000
179005
179006
179009
179009
179009
179013
179013
179014
179014
179015
179016
179016
179016
179017
179017
179021
179021
179023
179023
179024
179026
179026
179028
179028
179028
179030
179030
179030
179030
179033
179034
179034
179034
179034
179034
179034
179034
179038
179038
179040
179041
179042
179044
179044
179044
179045
179050
179050
179050
179050
179050
179050
179050
179052
179056
179058
179058
179058
179058
179058
179058
179059
179059
179059
179059
179059
179059
179059
179059
179059
179060
179060
179062
179062
179064
179065
179065
179065
179065
179065
179065
179065
179067
179069
179069
179070
179078
179081
179081
179081
179085
179085
179087
179090
179090
179090
179090
179092
179093
179094
179094
179094
179094
179094
179094
179097
179098
179098
179098
179098
179101
179101
179102
179102
179104
179105
179109
179109
179110
179113
179114
179114
179114
179114
179114
179115
179115
179118
179118
179118
179118
179118
179118
179120
179121
179121
179124
179126
179126
179126
179126
179126
179127
179127
179127
179128
179129
179133
179133
179137
179137
179138
179138
179138
179142
179142
179142
179142
179149
179149
179156
179158
179158
179158
179161
179164
179165
179165
179165
179166
179171
179173
179173
179173
179173
179173
179174
179176
179177
179177
179178
179178
179178
179179
179180
179181
179181
179181
179181
179182
179183
179183
179183
179183
179185
179185
179185
179187
179187
179187
179188
179188
179188
179189
179189
179190
179191
179193
179193
179193
179197
179197
179199
179199
179199
179200
179202
179202
179202
179202
179202
179202
179202
179203
179203
179203
179203
179206
179206
179207
179207
179207
179209
179209
179209
179212
179213
179213
179214
179214
179215
179215
179215
179215
179217
179221
179223
179223
179223
179224
179224
179224
179224
179224
179224
179224
179224
179224
179232
179236
179236
179236
179236
179236
179236
179236
179236
179236
179236
179236
179236
179236
179236
179236
179237
179237
179237
179237
179238
179238
179243
179243
179248
179248
179249
179249
179249
179249
179249
179249
179250
179256
179258
179258
179258
179258
179258
179260
179260
179264
179265
179265
179265
179269
179269
179269
179270
179270
179270
179270
179270
179270
179270
179271
179271
179272
179276
179276
179277
179280
179280
179282
179284
179285
179285
179285
179287
179287
179288
179288
179296
179297
179297
179297
179297
179297
179297
179299
179299
179300
179300
179300
179301
179301
179301
179301
179301
179301
179304
179304
179306
179306
179306
179309
179311
179311
179311
179311
179311
179312
179314
179316
179317
179318
179320
179320
179321
179321
179323
179325
179351
179351
179352
179352
179352
179352
179352
179352
179360
179360
179361
179361
179366
179366
179369
179375
179376
179376
179377
179378
179378
179378
179379
179379
179379
179379
179379
179379
179379
179379
179380
179381
179381
179381
179385
179386
179387
179387
179388
179388
179388
179388
179389
179389
179395
179396
179396
179397
179397
179399
179400
179402
179403
179403
179407
179409
179409
179409
179415
179415
179415
179418
179419
179419
179419
179419
179421
179421
179421
179424
179425
179438
179443
179443
179450
179450
179450
179450
179450
179450
179452
179452
179456
179456
179466
179466
179466
179466
179469
179469
179472
179472
179476
179476
179481
179484
179485
179485
179485
179486
179486
179490
179490
179490
179494
179494
179494
179496
179496
179497
179497
179498
179498
179499
179499
179499
179499
179499
179499
179499
179499
179499
179501
179501
179501
179501
179501
179505
179505
179509
179509
179513
179513
179517
179521
179526
179526
179526
179528
179530
179530
179533
179533
179536
179536
179537
179540
179540
179545
179546
179546
179553
179553
179553
179553
179553
179556
179556
179558
179558
179559
179569
179569
179573
179573
179577
179577
179578
179578
179578
179578
179578
179581
179581
179587
179588
179588
179588
179589
179589
179589
179589
179589
179590
179590
179591
179595
179597
179599
179608
179612
179612
179612
179613
179613
179616
179619
179619
179636
179640
179640
179641
179650
179650
179650
179650
179650
179652
179653
179658
179658
179658
179660
179660
179660
179661
179661
179661
179664
179667
179667
179667
179667
179667
179670
179671
179671
179671
179671
179672
179673
179676
179676
179678
179679
179680
179680
179682
179689
179689
179689
179692
179695
179695
179696
179701
179706
179708
179708
179708
179708
179708
179708
179708
179708
179712
179720
179721
179721
179721
179721
179721
179721
179721
179722
179723
179723
179723
179726
179728
179733
179733
179733
179733
179733
179733
179738
179738
179740
179752
179758
179758
179758
179758
179758
179758
179758
179760
179764
179764
179766
179766
179767
179767
179770
179770
179771
179771
179780
179780
179784
179784
179784
179784
179784
179795
179797
179797
179797
179797
179797
179798
179798
179798
179806
179806
179806
179819
179826
179826
179826
179826
179828
179828
179832
179832
179836
179836
179836
179836
179836
179836
179836
179836
179836
179836
179836
179839
179841
179841
179849
179849
179849
179849
179849
179849
179849
179849
179850
179857
179857
179858
179858
179858
179858
179858
179866
179866
179866
179866
179866
179867
179867
179867
179868
179868
179868
179868
179868
179868
179868
179872
179872
179875
179875
179875
179875
179875
179875
179876
179876
179876
179876
179876
179876
179876
179878
179879
179880
179880
179880
179880
179882
179883
179885
179887
179888
179890
179891
179893
179894
179896
179900
179903
179905
179905
179905
179905
179906
179906
179906
179906
179908
179910
179911
179913
179914
179916
179917
179926
179937
179937
179937
179937
179937
179937
179938
179938
179938
179941
179941
179941
179941
179941
179941
179945
179945
179946
179946
179949
179949
179954
179954
179954
179954
179954
179954
179954
179954
179954
179954
179954
179956
179956
179957
179959
179959
179959
179960
179960
179962
179962
179962
179962
179963
179964
179972
179972
179972
179972
179972
179972
179972
179972
179972
179972
179973
179973
179973
179973
179974
179974
179975
179977
179978
179980
179985
179985
179985
179985
179985
179985
179985
179985
179985
179985
179985
179985
179985
179986
179986
179986
179986
179987
179988
179989
179994
179996
179997
179999
180000
180569
180895
181215
181742
181929
182063
182103
182143
182229
183580
183627
183662
183673
183709
183734
183747
183767
183794
183807
183821
183834
183887
183900
183908
183920
183962
183993
184027
184053
184080
184107
184114
184134
184195
184267
184433
184503
184527
184554
184569
184615
184640
184654
184663
184667
184680
184688
184736
184739
184754
184780
184800
184813
184830
184880
184907
184921
184941
184955
184978
184987
185010
185010
185010
185011
185017
185017
185017
185029
185068
185076
185118
185120
185138
185138
185143
185151
185152
185159
185159
185162
185243
185243
185249
185301
185309
185340
185404
185404
185417
185614
185622
185710
185710
185715
185731
185762
185770
185881
185881
185881
185928
186027
186028
186030
186030
186044
186073
186073
186073
186074
186086
186086
186087
186090
186184
186184
186216
186224
186224
186238
186263
186303
186308
186316
186328
186336
186497
186497
186515
186522
186529
186536
186551
186607
186615
186623
186656
186658
186691
186691
186691
186692
186702
186810
186858
186858
186871
186904
186904
187125
187125
187125
187126
187130
187130
187130
187130
187132
187223
187223
187230
187241
187330
187423
187443
187443
187443
187463
187484
187484
187503
187504
187515
187515
187532
187532
187548
187548
187576
187594
187602
187608
187615
187627
187642
187730
187730
187795
187802
187810
187816
187888
187896
187902
187974
187982
188035
188076
188095
188095
188138
188138
188152
188183
188196
188241
188241
188355
188363
188496
188521
188528
188538
188549
188556
188563
188577
188577
188583
188595
188602
188609
188624
188624
188630
188630
188636
188644
188644
188650
188657
188657
188678
188678
188679
188683
188697
188701
188725
188725
188725
188725
188730
188730
188736
188758
188758
188758
188760
188790
188790
188790
188792
188810
188810
188810
188810
188823
188823
188823
188823
188845
188845
188845
188845
188850
188850
188850
188850
188871
188871
188871
188872
188876
188930
188930
188930
188930
188963
188963
188963
188963
188970
188970
188970
188970
188996
188996
188997
188997
189009
189009
189009
189011
189065
189065
189066
189066
189078
189078
189078
189079
189103
189103
189103
189103
189157
189157
189157
189157
189163
189163
189163
189163
189172
189172
189172
189172
189181
189181
189181
189183
189191
189191
189196
189208
189215
189230
189230
189231
189237
189237
189243
189243
189249
189256
189256
189263
189268
189276
189563
189577
189577
189578
189590
189625
189625
189625
189625
189651
189670
189670
189712
189712
189712
189713
189718
189718
189746
189756
189756
189757
189778
189779
189802
189802
189802
189802
189812
189812
189852
189852
189852
189853
189865
189865
189866
189866
189871
189871
189885
189890
189936
189946
189946
189950
189957
189965
189972
189972
189976
189982
189991
190003
190008
190041
190095
190109
190133
190163
190195
190209
190235
190288
190295
190307
190368
190428
190455
190455
190461
190468
190477
190477
190521
190601
190615
190622
190627
190642
190655
190662
190714
190721
190774
190789
190795
190809
190814
190828
190875
190960
190988
190988
190990
191026
191123
191128
191135
191163
191181
191181
191196
191196
191227
191242
191248
191268
191274
191288
191360
191382
191404
191428
191461
191489
191502
191555
191588
191631
191656
191696
191723
191724
191747
191747
191782
191787
191847
191881
191895
191967
191981
192001
192088
192134
192150
192195
192495
192501
192508
192524
192535
192554
192574
192707
192775
192836
192948
192976
192999
192999
192999
193008
193121
193128
193181
193188
193194
193234
193314
193314
193314
193321
193414
193429
193444
193476
193535
193535
193560
193569
193574
193588
193616
193636
193649
193663
193663
193695
193695
193702
193709
193715
193720
193774
194015
194015
194015
194015
194022
194022
194022
194024
194029
194029
194029
194031
194039
194103
194120
194120
194156
194156
194163
194181
194181
194195
194221
194221
194243
194260
194260
194296
194296
194297
194297
194320
194375
194394
194408
194442
194442
194481
194489
194541
194547
194576
194583
194583
194590
194634
194669
194749
194774
194791
194791
195072
195078
195099
195099
195099
195112
195112
195120
195152
195353
195353
195373
195387
195387
195392
195400
195401
195405
195418
195513
195519
195526
195533
195538
195545
195874
195874
195874
195874
195878
195886
195905
195911
195966
195991
196005
196060
196067
196067
196088
196091
196120
196122
196265
196280
196295
196300
196329
196345
196345
196346
196358
196383
196585
197111
197111
197111
197112
197123
197123
197123
197123
197127
197127
197127
197127
197132
197132
197133
197133
197138
197138
197138
197138
197143
197143
197144
197144
197146
197146
197146
197196
197196
197203
197236
197244
197257
197271
197289
197324
197390
197409
197409
197425
197427
197431
197465
197485
197485
197499
197499
197519
197537
197552
197552
197570
197592
197592
197638
197665
197665
197665
197671
197698
197698
197698
197699
197705
197705
197705
197725
197725
197750
197750
197750
197750
197765
197766
197766
197778
197826
197826
197866
197904
197904
197904
197912
197913
197918
197923
197950
197957
197971
197986
198020
198020
198023
198039
198039
198039
198043
198052
198052
198059
198059
198063
198073
198073
198077
198111
198117
198125
198130
198152
198156
198178
198179
198190
198231
198236
198250
198263
198276
198358
198372
198390
198404
198422
198625
198625
198737
198759
198759
198778
198785
198799
198803
198817
198830
198852
198852
198890
198911
198926
198926
198944
198952
198952
198965
198983
199011
199030
199045
199109
199109
199125
199140
199140
199245
199245
199245
199245
199253
199253
199255
199263
199263
199270
199277
199286
199286
199409
199581
199581
199581
199581
199583
199697
199697
199697
199733
199733
199750
199750
199750
199785
199785
199792
199793
199812
199812
199830
199830
199831
199849
199883
200004
200004
200004
200004
200004
200006
200006
200006
200008
200008
200012
200016
200016
200016
200016
200018
200018
200018
200020
200021
200021
200022
200024
200026
200026
200026
200028
200028
200028
200028
200028
200029
200029
200031
200031
200031
200031
200032
200033
200038
200038
200038
200038
200039
200039
200039
200039
200039
200041
200041
200042
200044
200046
200046
200049
200053
200053
200053
200056
200056
200056
200058
200070
200070
200071
200071
200071
200071
200071
200071
200072
200073
200073
200073
200077
200077
200078
200078
200079
200079
200080
200084
200084
200084
200084
200084
200084
200084
200084
200084
200089
200092
200092
200095
200095
200096
200102
200102
200102
200102
200102
200102
200103
200103
200104
200104
200108
200108
200108
200112
200112
200115
200115
200116
200116
200118
200118
200120
200120
200124
200124
200125
200126
200128
200128
200132
200135
200135
200135
200135
200137
200138
200138
200139
200140
200141
200141
200141
200142
200144
200145
200145
200147
200147
200147
200148
200148
200152
200153
200154
200154
200154
200154
200154
200158
200158
200158
200158
200158
200164
200169
200169
200169
200173
200173
200177
200177
200178
200179
200179
200179
200179
200179
200179
200179
200179
200180
200184
200185
200185
200187
200187
200187
200187
200189
200189
200189
200193
200193
200193
200195
200196
200197
200197
200197
200198
200200
200200
200204
200207
200207
200207
200210
200210
200210
200210
200213
200213
200213
200216
200217
200220
200220
200226
200227
200228
200228
200228
200228
200228
200228
200231
200231
200231
200231
200232
200236
200241
200248
200248
200248
200248
200248
200253
200253
200257
200257
200258
200261
200261
200263
200263
200263
200265
200265
200265
200265
200266
200268
200269
200274
200274
200274
200274
200275
200275
200275
200276
200277
200278
200278
200279
200280
200280
200285
200285
200285
200286
200288
200289
200289
200293
200293
200296
200297
200297
200297
200297
200297
200297
200299
200301
200301
200301
200301
200301
200304
200305
200305
200307
200307
200309
200309
200313
200313
200313
200316
200316
200316
200316
200320
200320
200324
200324
200326
200327
200329
200329
200329
200334
200334
200334
200336
200336
200336
200337
200337
200337
200339
200342
200342
200342
200342
200345
200345
200346
200350
200350
200353
200353
200356
200366
200367
200367
200367
200367
200367
200367
200367
200369
200369
200373
200373
200373
200373
200373
200373
200377
200377
200378
200378
200384
200384
200388
200390
200390
200390
200390
200390
200391
200392
200396
200396
200396
200397
200398
200401
200401
200403
200405
200405
200405
200406
200408
200408
200409
200409
200409
200412
200413
200413
200416
200416
200417
200420
200420
200420
200420
200420
200424
200424
200425
200426
200428
200428
200428
200428
200429
200429
200429
200432
200433
200433
200436
200436
200436
200438
200440
200440
200443
200443
200444
200444
200447
200447
200448
200449
200449
200449
200449
200450
200453
200457
200457
200466
200466
200466
200466
200467
200469
200469
200469
200471
200471
200473
200473
200474
200474
200477
200477
200477
200477
200477
200478
200478
200480
200480
200484
200486
200488
200488
200492
200492
200497
200497
200497
200497
200497
200500
200501
200501
200501
200504
200508
200508
200508
200512
200514
200514
200514
200515
200516
200516
200517
200521
200521
200525
200528
200528
200528
200528
200529
200533
200534
200534
200534
200534
200534
200534
200534
200534
200535
200536
200538
200538
200538
200538
200540
200548
200548
200548
200548
200549
200549
200549
200551
200552
200554
200556
200556
200558
200558
200558
200561
200561
200564
200567
200567
200576
200578
200578
200578
200578
200578
200585
200585
200591
200600
200600
200600
200607
200615
200615
200615
200615
200615
200615
200615
200615
200615
200617
200617
200617
200617
200617
200617
200618
200622
200623
200623
200623
200624
200624
200627
200627
200629
200633
200633
200634
200635
200635
200637
200637
200639
200639
200645
200645
200652
200656
200664
200666
200666
200666
200675
200686
200686
200686
200693
200693
200693
200693
200702
200702
200702
200704
200708
200708
200712
200712
200717
200717
200717
200717
200717
200717
200717
200725
200727
200732
200732
200736
200736
200736
200736
200736
200737
200741
200741
200741
200745
200745
200746
200748
200751
200752
200755
200755
200757
200757
200760
200764
200765
200765
200768
200774
200774
200775
200775
200786
200786
200789
200789
200791
200791
200792
200797
200800
200802
200805
200806
200806
200808
200809
200809
200812
200813
200813
200813
200818
200826
200832
200833
200836
200839
200839
200840
200843
200843
200843
200843
200843
200844
200844
200845
200848
200848
200850
200852
200852
200856
200856
200856
200856
200857
200857
200858
200859
200860
200861
200863
200864
200865
200869
200869
200869
200870
200870
200871
200871
200872
200872
200872
200876
200876
200883
200884
200888
200895
200900
200902
200902
200902
200904
200906
200906
200906
200908
200909
200909
200910
200910
200910
200910
200910
200910
200910
200910
200911
200911
200911
200911
200911
200911
200911
200911
200911
200911
200911
200912
200915
200915
200916
200916
200918
200921
200921
200921
200922
200928
200932
200933
200933
200936
200938
200940
200952
200957
200959
200959
200959
200960
200960
200960
200961
200961
200961
200961
200961
200964
200965
200966
200967
200967
200968
200968
200968
200972
200972
200986
200993
201005
201006
201006
201007
201008
201008
201016
201017
201017
201020
201020
201020
201020
201020
201038
201038
201038
201038
201038
201038
201046
201050
201050
201051
201057
201058
201059
201059
201064
201065
201065
201067
201072
201076
201077
201077
201080
201088
201088
201092
201094
201094
201096
201096
201097
201097
201101
201101
201101
201101
201102
201102
201102
201104
201106
201107
201109
201109
201109
201116
201119
201120
201124
201127
201127
201127
201128
201129
201132
201133
201134
201134
201135
201136
201136
201137
201137
201137
201140
201141
201147
201147
201156
201157
201157
201158
201159
201160
201160
201161
201162
201163
201163
201163
201163
201163
201164
201164
201164
201172
201173
201176
201176
201177
201180
201180
201188
201188
201188
201196
201196
201197
201198
201198
201198
201199
201200
201204
201205
201205
201205
201206
201206
201206
201212
201215
201215
201225
201225
201229
201229
201230
201230
201232
201236
201236
201240
201242
201242
201242
201242
201243
201245
201245
201249
201249
201249
201253
201253
201253
201257
201257
201258
201258
201258
201258
201258
201266
201267
201267
201273
201273
201279
201279
201280
201280
201280
201281
201281
201281
201281
201281
201281
201281
201281
201281
201281
201281
201281
201282
201282
201284
201288
201296
201307
201307
201307
201307
201307
201312
201313
201314
201315
201316
201316
201317
201318
201318
201319
201320
201321
201321
201324
201324
201324
201324
201328
201333
201336
201336
201337
201337
201340
201347
201347
201347
201348
201349
201357
201357
201357
201365
201365
201366
201366
201375
201377
201380
201381
201386
201386
201395
201396
201396
201397
201405
201405
201405
201405
201405
201408
201409
201414
201425
201425
201425
201436
201436
201436
201437
201437
201440
201444
201444
201445
201445
201448
201448
201452
201456
201456
201460
201465
201465
201466
201467
201468
201468
201477
201477
201477
201477
201480
201484
201484
201488
201497
201497
201500
201505
201508
201512
201517
201517
201518
201521
201526
201528
201528
201528
201536
201537
201538
201538
201540
201546
201547
201548
201548
201548
201548
201552
201552
201556
201557
201557
201564
201568
201572
201584
201590
201590
201590
201590
201599
201599
201599
201599
201613
201613
201613
201620
201620
201620
201626
201627
201635
201636
201641
201641
201646
201647
201648
201649
201650
201653
201653
201656
201656
201657
201657
201661
201661
201664
201666
201676
201677
201680
201684
201688
201688
201688
201688
201692
201696
201704
201708
201711
201711
201711
201711
201712
201712
201717
201717
201726
201736
201736
201736
201737
201746
201748
201752
201752
201754
201755
201757
201757
201757
201760
201767
201767
201767
201772
201776
201780
201784
201786
201786
201786
201789
201789
201792
201796
201796
201800
201805
201805
201806
201806
201806
201808
201813
201813
201821
201821
201825
201848
201848
201848
201848
201848
201849
201860
201860
201860
201860
201860
201866
201885
201885
201885
201885
201898
201907
201907
201907
201916
201924
201924
201924
201944
201944
201944
201944
201952
201959
201959
201959
201960
201960
201966
201966
201969
201973
201976
201976
202009
202028
202028
202028
202028
202029
202029
202029
202046
202046
202074
202074
202074
202074
202088
202088
202088
202088
202088
202088
202088
202088
202088
202088
202089
202089
202089
202089
202089
202089
202089
202089
202089
202089
202089
202089
202089
202089
202089
202089
202089
202089
202089
202089
202090
202090
202090
202090
202090
202090
202090
202090
202090
202090
202090
202090
202095
202095
202106
202106
202106
202106
202106
202106
202106
202106
202106
202106
202106
202106
202106
202106
202106
202107
202107
202107
202107
202107
202107
202107
202107
202107
202108
202108
202108
202108
202108
202108
202108
202108
202108
202109
202109
202109
202115
202115
202121
202127
202128
202128
202128
202134
202134
202134
202134
202134
202144
202144
202147
202148
202150
202151
202151
202159
202159
202163
202166
202166
202169
202170
202175
202175
202176
202176
202181
202181
202186
202186
202189
202189
202195
202195
202195
202202
202208
202208
202213
202213
202214
202214
202214
202215
202215
202217
202226
202226
202226
202245
202255
202263
202266
202276
202276
202282
202282
202282
202294
202294
202301
202301
202301
202302
202302
202332
202346
202357
202357
202367
202368
202375
202375
202375
202376
202381
202381
202385
202385
202385
202385
202385
202385
202385
202386
202386
202386
202386
202389
202389
202391
202391
202397
202397
202402
202402
202402
202402
202406
202406
202406
202412
202412
202412
202412
202412
202412
202412
202413
202413
202419
202419
202427
202427
202439
202439
202440
202440
202442
202448
202448
202449
202450
202450
202450
202451
202453
202456
202457
202457
202460
202460
202460
202460
202460
202460
202460
202465
202467
202467
202467
202467
202467
202467
202468
202470
202470
202470
202473
202477
202477
202485
202485
202485
202489
202489
202489
202490
202490
202495
202495
202499
202500
202500
202500
202500
202500
202500
202502
202502
202502
202502
202502
202502
202505
202505
202514
202519
202538
202541
202543
202543
202543
202548
202560
202560
202560
202560
202560
202561
202568
202568
202568
202568
202572
202572
202576
202582
202582
202582
202582
202585
202585
202589
202589
202589
202592
202592
202597
202597
202597
202597
202600
202601
202601
202603
202603
202605
202605
202605
202608
202608
202609
202609
202609
202609
202609
202609
202609
202611
202612
202613
202613
202614
202615
202615
202616
202616
202617
202617
202618
202619
202620
202621
202621
202621
202621
202621
202622
202624
202624
202624
202624
202624
202626
202627
202627
202627
202628
202628
202628
202628
202629
202631
202632
202632
202632
202633
202633
202633
202633
202633
202635
202637
202638
202639
202639
202639
202640
202642
202643
202645
202645
202645
202645
202645
202647
202648
202649
202650
202651
202651
202651
202653
202654
202656
202657
202657
202658
202659
202661
202661
202661
202661
202661
202661
202663
202664
202664
202665
202667
202668
202668
202672
202672
202680
202684
202692
202695
202695
202695
202696
202696
202696
202696
202696
202696
202697
202697
202697
202697
202697
202697
202697
202697
202697
202698
202698
202699
202700
202701
202702
202703
202703
202703
202703
202703
202703
202703
202703
202703
202703
202703
202703
202703
202703
202703
202703
202703
202703
202703
202704
202704
202707
202707
202711
202711
202714
202714
202714
202714
202714
202716
202717
202717
202717
202717
202718
202719
202720
202724
202724
202725
202725
202728
202728
202728
202728
202730
202730
202730
202730
202730
202733
202733
202733
202735
202736
202737
202737
202737
202737
202738
202738
202739
202739
202740
202741
202744
202744
202744
202744
202744
202745
202745
202745
202745
202745
202745
202745
202745
202745
202745
202747
202747
202747
202747
202747
202747
202748
202748
202749
202750
202751
202751
202752
202753
202754
202754
202754
202754
202754
202754
202757
202757
202757
202757
202757
202758
202763
202763
202763
202763
202764
202764
202764
202764
202765
202765
202765
202767
202767
202767
202767
202768
202768
202768
202769
202769
202769
202771
202771
202771
202771
202771
202771
202771
202771
202772
202773
202776
202776
202776
202776
202777
202778
202779
202779
202779
202779
202781
202781
202783
202783
202783
202783
202784
202785
202785
202785
202785
202785
202785
202785
202785
202789
202789
202789
202795
202799
202799
202799
202800
202800
202800
202803
202803
202803
202808
202808
202808
202811
202811
202811
202815
202815
202815
202815
202815
202815
202815
202816
202816
202816
202816
202816
202817
202817
202817
202817
202817
202818
202818
202818
202818
202821
202821
202823
202823
202823
202823
202825
202825
202825
202826
202826
202826
202827
202827
202830
202834
202835
202835
202836
202836
202839
202839
202839
202839
202840
202841
202841
202844
202844
202844
202844
202844
202846
202846
202847
202847
202851
202851
202851
202852
202853
202855
202855
202855
202855
202861
202861
202861
202861
202861
202861
202861
202861
202862
202862
202863
202871
202871
202871
202871
202871
202876
202876
202876
202876
202876
202876
202876
202876
202877
202877
202882
202882
202883
202883
202883
202887
202887
202888
202892
202892
202893
202893
202893
202893
202893
202893
202893
202893
202893
202893
202893
202895
202895
202896
202898
202899
202899
202903
202903
202903
202904
202905
202905
202907
202907
202908
202908
202908
202908
202908
202908
202908
202909
202910
202911
202911
202911
202911
202912
202915
202915
202916
202917
202917
202917
202917
202918
202918
202919
202921
202921
202922
202922
202922
202927
202927
202927
202929
202929
202930
202934
202934
202934
202935
202936
202936
202941
202942
202942
202942
202942
202942
202943
202943
202944
202946
202946
202947
202947
202947
202949
202949
202952
202952
202952
202952
202952
202956
202956
202956
202956
202960
202960
202960
202960
202960
202963
202963
202967
202967
202971
202975
202975
202975
202975
202975
202976
202976
202976
202976
202976
202981
202981
202981
202981
202981
202981
202981
202981
202981
202982
202982
202982
202986
202986
202987
202987
202992
202992
203004
203004
203004
203004
203007
203008
203011
203012
203014
203015
203015
203016
203020
203022
203027
203027
203027
203032
203033
203035
203051
203055
203055
203055
203056
203056
203060
203061
203068
203068
203068
203068
203073
203073
203073
203074
203076
203077
203085
203085
203086
203092
203092
203095
203096
203102
203102
203102
203102
203102
203104
203105
203105
203106
203107
203107
203108
203108
203109
203109
203113
203113
203115
203115
203115
203115
203115
203115
203115
203115
203115
203115
203115
203115
203115
203115
203115
203116
203120
203123
203127
203127
203128
203135
203144
203144
203145
203147
203147
203150
203150
203151
203151
203151
203151
203152
203152
203152
203152
203153
203154
203155
203156
203156
203156
203156
203159
203165
203166
203166
203167
203167
203167
203168
203168
203169
203170
203170
203171
203173
203175
203175
203180
203180
203180
203180
203180
203191
203191
203192
203195
203195
203201
203202
203202
203202
203202
203203
203203
203203
203203
203204
203204
203206
203208
203209
203210
203210
203210
203210
203210
203210
203212
203213
203218
203218
203218
203220
203220
203221
203221
203224
203224
203224
203228
203228
203231
203235
203235
203235
203236
203236
203236
203236
203236
203236
203236
203236
203236
203236
203240
203240
203240
203241
203241
203241
203241
203241
203241
203241
203247
203247
203247
203247
203248
203248
203248
203248
203248
203248
203255
203255
203259
203259
203264
203264
203264
203274
203274
203278
203283
203283
203283
203283
203284
203284
203285
203288
203292
203293
203293
203293
203293
203293
203294
203298
203301
203302
203303
203303
203303
203309
203312
203318
203318
203346
203347
203352
203353
203353
203353
203357
203357
203357
203360
203364
203364
203365
203365
203367
203367
203367
203368
203368
203368
203372
203373
203376
203378
203379
203381
203381
203381
203381
203383
203384
203384
203385
203385
203388
203388
203388
203388
203388
203388
203388
203388
203389
203390
203401
203401
203403
203404
203404
203405
203407
203408
203408
203409
203409
203410
203412
203412
203412
203414
203414
203414
203416
203417
203420
203420
203421
203424
203426
203426
203426
203426
203427
203433
203435
203436
203436
203439
203440
203441
203441
203444
203445
203445
203445
203447
203447
203447
203450
203450
203450
203452
203452
203452
203453
203453
203453
203453
203456
203456
203468
203471
203471
203474
203475
203475
203475
203475
203475
203475
203477
203488
203488
203489
203494
203494
203494
203495
203497
203503
203503
203503
203504
203507
203507
203507
203507
203508
203508
203508
203513
203514
203514
203514
203519
203519
203519
203519
203528
203528
203531
203531
203531
203531
203532
203533
203533
203533
203536
203536
203536
203536
203536
203537
203537
203537
203537
203537
203537
203543
203543
203544
203544
203545
203550
203550
203550
203550
203550
203553
203553
203556
203558
203558
203558
203558
203558
203560
203563
203563
203565
203565
203566
203566
203566
203566
203566
203566
203567
203567
203567
203568
203568
203568
203568
203568
203569
203569
203569
203569
203571
203572
203572
203573
203573
203576
203576
203576
203576
203576
203577
203580
203580
203580
203580
203581
203582
203583
203583
203584
203585
203586
203595
203597
203597
203597
203600
203601
203601
203601
203601
203601
203601
203601
203601
203603
203603
203603
203605
203605
203606
203608
203608
203608
203608
203608
203608
203608
203608
203608
203608
203609
203609
203609
203609
203609
203609
203610
203610
203610
203610
203610
203610
203611
203611
203611
203611
203611
203611
203612
203612
203612
203612
203612
203612
203612
203612
203612
203616
203616
203616
203616
203616
203616
203620
203621
203622
203623
203623
203623
203626
203626
203626
203626
203628
203628
203631
203631
203631
203631
203631
203631
203631
203631
203631
203632
203632
203632
203632
203632
203632
203632
203632
203638
203638
203638
203639
203640
203640
203641
203641
203641
203642
203644
203646
203647
203649
203649
203649
203649
203650
203651
203653
203654
203655
203655
203657
203658
203659
203659
203665
203676
203676
203676
203676
203677
203679
203679
203681
203681
203685
203685
203685
203685
203685
203686
203686
203686
203689
203696
203696
203701
203702
203702
203710
203710
203710
203711
203711
203711
203713
203715
203715
203715
203718
203718
203719
203719
203719
203719
203719
203719
203719
203719
203719
203719
203719
203719
203721
203723
203726
203726
203726
203728
203734
203734
203734
203737
203737
203737
203738
203738
203738
203738
203738
203749
203750
203751
203753
203753
203753
203753
203753
203754
203754
203754
203755
203755
203759
203761
203762
203762
203765
203765
203765
203771
203771
203771
203771
203774
203775
203775
203777
203777
203777
203777
203777
203777
203777
203777
203783
203783
203783
203784
203784
203785
203785
203785
203785
203785
203785
203786
203786
203786
203787
203788
203788
203788
203788
203788
203788
203797
203797
203797
203797
203797
203797
203799
203799
203799
203801
203801
203802
203802
203803
203805
203808
203809
203810
203810
203811
203812
203815
203815
203815
203816
203816
203816
203817
203817
203819
203819
203819
203823
203823
203823
203823
203825
203826
203826
203826
203831
203834
203835
203835
203835
203835
203835
203835
203835
203838
203838
203840
203841
203844
203844
203844
203844
203844
203844
203848
203848
203849
203849
203849
203852
203852
203853
203853
203854
203854
203854
203855
203855
203861
203861
203861
203861
203861
203864
203864
203866
203866
203867
203867
203867
203867
203867
203867
203867
203869
203869
203870
203870
203872
203877
203877
203877
203877
203877
203877
203877
203879
203886
203887
203888
203888
203888
203888
203888
203888
203888
203891
203892
203892
203895
203895
203898
203899
203899
203904
203904
203904
203904
203907
203907
203908
203908
203909
203909
203909
203909
203911
203915
203915
203940
203943
203943
203956
203956
203956
203956
203956
203956
203956
203956
203956
203956
203956
203956
203956
203956
203956
203956
203957
203959
203968
203969
203969
203969
203976
203981
203981
203981
203981
203981
203981
203982
203987
203988
203994
203995
203995
203996
203996
203997
203997
203997
203997
204003
204006
204007
204007
204010
204010
204011
204011
204011
204011
204011
204012
204012
204013
204013
204014
204015
204015
204016
204016
204016
204020
204020
204021
204021
204021
204021
204021
204021
204021
204021
204021
204021
204023
204023
204024
204027
204027
204027
204027
204028
204031
204031
204032
204034
204034
204036
204036
204037
204038
204040
204040
204041
204041
204041
204044
204044
204044
204046
204047
204047
204048
204048
204048
204049
204049
204049
204053
204053
204053
204055
204056
204056
204059
204062
204064
204064
204068
204068
204068
204070
204070
204070
204070
204071
204071
204073
204076
204076
204076
204076
204085
204085
204085
204085
204087
204087
204087
204088
204089
204091
204095
204096
204096
204104
204105
204106
204115
204116
204116
204118
204120
204120
204124
204124
204124
204125
204137
204137
204137
204137
204137
204141
204141
204144
204144
204144
204146
204148
204151
204153
204156
204158
204158
204160
204161
204161
204164
204164
204165
204166
204166
204170
204176
204176
204177
204181
204186
204187
204187
204187
204187
204187
204187
204187
204188
204193
204193
204193
204195
204198
204198
204200
204204
204204
204204
204205
204205
204207
204208
204213
204213
204213
204215
204215
204215
204215
204215
204216
204218
204224
204225
204225
204226
204228
204229
204229
204232
204232
204232
204233
204233
204237
204237
204237
204238
204241
204241
204242
204244
204245
204247
204247
204247
204248
204252
204252
204252
204252
204253
204256
204257
204257
204258
204258
204259
204263
204264
204269
204269
204269
204271
204272
204273
204278
204281
204281
204281
204287
204287
204288
204288
204288
204293
204295
204295
204298
204298
204298
204298
204298
204301
204305
204309
204317
204317
204320
204320
204320
204321
204321
204325
204325
204325
204326
204331
204331
204335
204335
204338
204338
204338
204344
204344
204347
204347
204348
204352
204352
204352
204352
204352
204354
204356
204356
204358
204364
204364
204364
204365
204365
204366
204373
204375
204379
204379
204380
204383
204391
204391
204391
204391
204391
204392
204392
204395
204395
204395
204397
204398
204400
204400
204400
204401
204401
204401
204401
204401
204404
204404
204404
204406
204413
204413
204419
204419
204424
204425
204429
204429
204429
204432
204433
204440
204440
204440
204443
204443
204444
204444
204444
204444
204444
204444
204444
204444
204444
204445
204445
204449
204449
204450
204451
204451
204451
204451
204451
204452
204452
204456
204458
204458
204463
204463
204463
204463
204465
204466
204469
204469
204472
204472
204472
204473
204474
204477
204477
204477
204478
204479
204479
204479
204479
204481
204482
204482
204482
204482
204485
204485
204487
204487
204487
204487
204487
204487
204487
204487
204487
204487
204489
204489
204489
204489
204493
204493
204493
204497
204498
204498
204498
204498
204499
204502
204502
204502
204502
204502
204502
204502
204503
204505
204505
204507
204508
204508
204512
204514
204514
204515
204516
204520
204524
204524
204526
204528
204528
204528
204537
204537
204537
204537
204538
204538
204538
204540
204543
204544
204544
204544
204545
204545
204546
204546
204552
204552
204552
204552
204553
204557
204557
204559
204559
204565
204565
204566
204566
204566
204566
204568
204568
204575
204575
204575
204576
204576
204577
204578
204578
204578
204580
204580
204581
204581
204581
204581
204581
204582
204583
204584
204585
204586
204586
204586
204586
204586
204588
204589
204590
204592
204593
204595
204596
204596
204596
204596
204596
204596
204596
204596
204596
204598
204599
204600
204601
204603
204605
204605
204605
204605
204607
204608
204608
204609
204611
204611
204612
204612
204612
204612
204612
204612
204614
204614
204614
204614
204614
204615
204615
204616
204616
204617
204617
204618
204619
204620
204622
204623
204624
204625
204626
204626
204626
204626
204626
204627
204627
204627
204627
204628
204628
204629
204629
204630
204630
204631
204632
204632
204633
204633
204634
204634
204634
204634
204634
204634
204634
204635
204635
204635
204636
204637
204637
204637
204637
204637
204637
204638
204638
204638
204640
204640
204640
204640
204640
204642
204643
204643
204645
204645
204645
204646
204647
204648
204649
204650
204652
204652
204652
204652
204652
204652
204653
204653
204654
204655
204655
204656
204656
204656
204657
204658
204659
204660
204660
204660
204660
204660
204662
204663
204663
204663
204666
204667
204667
204668
204668
204668
204670
204671
204672
204672
204672
204672
204672
204672
204673
204673
204673
204675
204675
204676
204677
204678
204679
204681
204681
204682
204683
204683
204685
204685
204688
204688
204688
204688
204689
204690
204691
204694
204695
204696
204696
204696
204699
204701
204701
204703
204704
204706
204706
204706
204706
204706
204706
204712
204712
204712
204716
204717
204719
204719
204720
204723
204723
204724
204727
204727
204727
204727
204727
204731
204732
204732
204733
204735
204737
204737
204739
204739
204739
204741
204741
204743
204748
204748
204748
204748
204748
204749
204751
204752
204764
204764
204765
204765
204765
204765
204766
204766
204766
204766
204767
204769
204782
204788
204788
204790
204792
204793
204797
204797
204797
204798
204798
204798
204798
204803
204803
204805
204808
204808
204808
204808
204812
204812
204816
204816
204816
204816
204818
204818
204821
204821
204822
204822
204822
204822
204827
204827
204828
204828
204828
204828
204831
204831
204831
204835
204835
204835
204835
204835
204835
204836
204838
204839
204843
204843
204843
204843
204843
204843
204843
204843
204843
204843
204844
204844
204844
204844
204844
204844
204844
204846
204846
204846
204847
204847
204847
204848
204848
204848
204848
204848
204853
204853
204853
204854
204854
204854
204854
204854
204854
204855
204856
204858
204859
204859
204859
204859
204859
204859
204862
204862
204862
204862
204867
204868
204870
204879
204880
204883
204884
204884
204884
204884
204887
204889
204889
204889
204889
204889
204889
204889
204889
204889
204889
204891
204891
204892
204900
204900
204900
204907
204907
204907
204907
204907
204907
204907
204908
204908
204908
204911
204911
204911
204915
204915
204915
204917
204917
204917
204919
204919
204921
204921
204921
204923
204924
204926
204927
204927
204928
204928
204928
204928
204928
204928
204930
204930
204931
204934
204934
204935
204935
204935
204935
204935
204935
204935
204938
204938
204938
204938
204939
204941
204941
204941
204941
204941
204941
204941
204943
204943
204944
204946
204946
204946
204946
204947
204947
204948
204948
204948
204949
204952
204952
204961
204961
204975
204986
204986
204986
204986
204986
204986
204987
204987
204988
204992
204992
204992
204997
204997
204997
204997
205003
205037
205090
205131
205163
205202
205273
205302
205331
205398
205437
205469
205497
205528
205562
205678
205724
205776
205816
205857
205890
205937
205962
206022
206055
206115
206232
206243
206269
206282
206309
206323
206349
206364
206402
206409
206443
206471
206490
206515
206558
206570
206590
206602
206815
206815
206815
206815
206824
206824
206825
206842
206856
206862
206897
206921
206937
206957
207000
207043
207053
207076
207109
207130
207203
207203
207230
207275
207289
207302
207322
207342
207375
207443
207469
207489
207523
207530
207562
207624
207655
207685
207717
207724
207756
207770
207830
207868
207912
207937
207990
208002
208011
208055
208090
208090
208091
208123
208141
208141
208170
208170
208171
208185
208189
208203
208234
208740
208766
208793
208795
208828
208848
208874
208933
208939
208988
209026
209053
209073
209100
209126
209172
209172
209181
209220
209240
209261
209267
209288
209300
209313
209328
209347
209373
209641
209649
209707
209757
209821
209948
210007
210008
210009
210011
210012
210014
210015
210015
210015
210020
210023
210023
210023
210023
210023
210032
210032
210032
210032
210032
210033
210033
210033
210040
210040
210046
210046
210048
210048
210048
210048
210048
210049
210051
210051
210051
210056
210066
210068
210068
210068
210088
210088
210088
210088
210088
210088
210089
210089
210089
210090
210099
210101
210103
210104
210113
210113
210113
210113
210113
210113
210122
210122
210123
210123
210123
210123
210123
210123
210123
210123
210123
210123
210123
210123
210123
210143
210145
210153
210153
210153
210153
210153
210153
210153
210153
210153
210153
210153
210168
210168
210168
210168
210168
210168
210168
210169
210169
210169
210172
210172
210172
210172
210172
210172
210181
210181
210181
210181
210188
210188
210188
210189
210210
210210
210231
210231
210239
210246
210246
210253
210253
210269
210269
210269
210269
210269
210269
210269
210269
210270
210271
210282
210282
210282
210282
210282
210282
210282
210283
210284
210298
210322
210322
210322
210322
210328
210328
210328
210328
210329
210329
210329
210329
210329
210329
210329
210329
210329
210330
210343
210345
210345
210345
210345
210345
210345
210346
210347
210347
210347
210347
210349
210355
210355
210355
210359
210359
210359
210362
210362
210362
210362
210370
210379
210380
210380
210380
210380
210385
210385
210385
210385
210387
210387
210387
210416
210416
210416
210416
210440
210440
210440
210440
210442
210442
210444
210444
210444
210444
210444
210444
210444
210444
210444
210445
210445
210445
210470
210470
210470
210470
210470
210470
210470
210482
210483
210483
210483
210483
210483
210483
210484
210484
210484
210484
210484
210486
210488
210489
210489
210489
210489
210490
210490
210490
210490
210490
210490
210509
210509
210509
210509
210509
210514
210515
210515
210515
210515
210516
210516
210516
210516
210542
210546
210546
210566
210570
210572
210572
210572
210572
210572
210572
210572
210572
210572
210581
210581
210581
210581
210581
210581
210581
210581
210581
210581
210581
210581
210581
210581
210581
210581
210581
210581
210581
210581
210581
210581
210581
210581
210581
210581
210590
210590
210591
210597
210597
210597
210597
210598
210598
210598
210598
210598
210598
210598
210601
210626
210626
210631
210631
210631
210631
210631
210631
210631
210636
210636
210636
210636
210636
210636
210644
210644
210644
210651
210656
210665
210665
210665
210665
210666
210666
210666
210666
210676
210676
210677
210677
210684
210684
210684
210684
210684
210684
210684
210684
210694
210694
210694
210694
210698
210699
210699
210699
210699
210703
210703
210708
210712
210712
210712
210712
210712
210712
210712
210719
210719
210719
210719
210720
210720
210721
210721
210726
210749
210749
210749
210749
210750
210750
210750
210759
210764
210764
210764
210764
210765
210765
210765
210765
210766
210766
210767
210768
210773
210773
210773
210781
210781
210781
210781
210781
210801
210801
210801
210801
210816
210816
210816
210816
210816
210816
210817
210817
210817
210817
210817
210817
210817
210832
210832
210832
210832
210832
210836
210836
210863
210863
210863
210869
210869
210869
210870
210870
210870
210907
210914
210914
210914
210931
210931
210931
210931
210931
210931
210932
210932
210934
210934
210934
210934
210935
210935
210935
210935
210939
210939
210939
210939
210939
210939
210939
210940
210940
210940
210940
210940
210940
210941
210941
210941
210941
210959
210959
210959
210959
210959
210960
210960
210960
210960
210960
210960
210961
210961
210961
210961
210961
210972
210972
210972
210972
210972
210972
210972
210972
210977
210977
210987
210991
210991
210991
210991
210991
210991
210991
210991
210991
210991
210991
210991
210991
210991
210991
210991
210991
210991
210991
210991
210991
210991
210992
210992
210992
211020
211020
211020
211020
211020
211020
211020
211020
211027
211027
211040
211050
211051
211069
211069
211080
211080
211080
211080
211080
211080
211080
211080
211080
211080
211080
211080
211080
211081
211082
211090
211111
211116
211132
211133
211135
211135
211135
211136
211136
211136
211136
211136
211149
211149
211149
211149
211149
211153
211154
211156
211185
211185
211185
211186
211186
211188
211188
211194
211194
211194
211194
211194
211194
211194
211194
211194
211213
211213
211213
211213
211213
211213
211213
211213
211213
211213
211214
211214
211214
211214
211227
211227
211230
211230
211230
211230
211230
211238
211238
211239
211247
211247
211247
211247
211263
211263
211263
211263
211263
211263
211299
211300
211302
211303
211305
211313
211313
211314
211315
211315
211315
211317
211317
211318
211318
211318
211320
211330
211341
211341
211341
211341
211346
211346
211346
211346
211346
211346
211347
211347
211347
211347
211347
211350
211350
211350
211359
211382
211382
211382
211399
211406
211439
211439
211439
211439
211440
211450
211450
211455
211455
211455
211455
211459
211459
211461
211464
211464
211464
211464
211464
211465
211465
211465
211466
211470
211470
211470
211470
211470
211470
211471
211471
211471
211471
211471
211472
211472
211472
211472
211472
211472
211473
211473
211473
211473
211473
211473
211474
211479
211479
211480
211480
211482
211482
211482
211498
211499
211499
211499
211499
211499
211509
211509
211509
211509
211509
211509
211509
211509
211509
211509
211509
211522
211522
211522
211522
211522
211522
211522
211522
211522
211522
211523
211523
211523
211523
211523
211526
211526
211526
211527
211529
211529
211529
211529
211529
211529
211586
211586
211601
211623
211623
211624
211624
211624
211624
211624
211624
211624
211624
211624
211624
211626
211626
211629
211630
211631
211632
211632
211633
211633
211650
211650
211650
211650
211650
211650
211650
211650
211651
211651
211651
211651
211651
211651
211653
211653
211653
211664
211664
211664
211664
211664
211666
211666
211668
211668
211668
211683
211683
211683
211688
211688
211688
211688
211688
211688
211688
211688
211688
211688
211688
211688
211688
211688
211688
211695
211695
211695
211695
211695
211695
211695
211695
211695
211695
211699
211699
211706
211713
211713
211713
211713
211717
211717
211717
211717
211719
211719
211719
211750
211750
211752
211752
211752
211752
211767
211777
211777
211777
211777
211777
211777
211777
211777
211777
211777
211777
211777
211777
211791
211791
211792
211792
211792
211792
211792
211792
211792
211792
211793
211794
211806
211806
211806
211806
211806
211806
211807
211807
211807
211807
211807
211807
211807
211807
211807
211807
211807
211807
211807
211807
211807
211807
211807
211810
211810
211810
211810
211810
211810
211810
211810
211810
211810
211810
211810
211810
211810
211811
211811
211811
211811
211811
211811
211817
211817
211817
211823
211823
211823
211823
211844
211844
211844
211862
211862
211879
211879
211879
211879
211879
211879
211906
211906
211906
211906
211911
211912
211912
211912
211912
211912
211912
211912
211912
211912
211918
211918
211918
211918
211918
211918
211918
211918
211918
211918
211918
211946
211946
211946
211946
211952
211955
211955
211955
211956
211956
211956
211957
211957
211957
211957
211957
211957
211957
211957
211957
211957
211957
211957
211957
211958
211958
211958
211958
211959
211959
211959
211973
211973
211974
211974
211974
211974
211974
211974
211978
211978
211978
211978
211978
211978
211978
212031
212031
212031
212036
212036
212058
212058
212062
212066
212066
212066
212066
212085
212090
212090
212090
212090
212091
212091
212091
212091
212091
212092
212092
212098
212098
212103
212104
212104
212104
212104
212104
212104
212106
212106
212112
212112
212112
212112
212112
212115
212115
212115
212121
212121
212121
212121
212121
212123
212123
212123
212134
212135
212135
212135
212135
212135
212135
212135
212138
212138
212138
212138
212138
212138
212138
212138
212138
212138
212138
212138
212138
212138
212138
212138
212138
212138
212138
212138
212138
212138
212138
212138
212139
212139
212161
212161
212161
212162
212162
212162
212162
212163
212163
212163
212170
212181
212181
212181
212181
212200
212200
212200
212203
212203
212220
212220
212220
212220
212220
212221
212221
212221
212221
212221
212221
212221
212222
212223
212224
212225
212225
212226
212226
212226
212226
212226
212226
212226
212227
212227
212227
212227
212227
212227
212228
212228
212230
212231
212233
212271
212271
212271
212272
212273
212279
212279
212279
212279
212279
212282
212285
212285
212285
212285
212288
212288
212288
212288
212288
212288
212288
212288
212288
212288
212290
212290
212290
212290
212290
212290
212290
212290
212290
212290
212290
212291
212291
212291
212291
212296
212326
212336
212336
212336
212336
212336
212336
212336
212336
212354
212354
212354
212354
212354
212354
212354
212354
212354
212354
212354
212354
212369
212369
212369
212369
212369
212372
212372
212372
212392
212392
212392
212392
212392
212392
212392
212392
212392
212392
212392
212392
212393
212393
212393
212393
212393
212393
212393
212393
212396
212396
212403
212403
212403
212403
212403
212403
212403
212403
212403
212403
212403
212403
212403
212403
212403
212403
212403
212403
212403
212404
212404
212404
212404
212404
212404
212404
212404
212404
212420
212420
212431
212431
212431
212431
212432
212432
212432
212438
212438
212438
212438
212438
212441
212441
212462
212462
212462
212462
212480
212480
212481
212481
212481
212481
212481
212507
212507
212507
212507
212508
212508
212508
212508
212508
212508
212508
212508
212508
212509
212509
212509
212509
212509
212509
212509
212509
212509
212509
212509
212509
212509
212509
212510
212511
212521
212521
212521
212521
212526
212526
212526
212526
212526
212527
212527
212527
212527
212527
212527
212527
212527
212527
212527
212527
212529
212529
212540
212547
212547
212547
212547
212547
212547
212547
212547
212547
212547
212557
212557
212561
212561
212561
212562
212584
212584
212600
212600
212600
212602
212604
212605
212607
212609
212611
212613
212627
212628
212628
212628
212628
212628
212628
212628
212628
212628
212628
212628
212628
212640
212640
212640
212640
212640
212640
212640
212640
212640
212640
212640
212640
212640
212640
212640
212640
212640
212640
212640
212640
212640
212640
212640
212640
212641
212643
212643
212643
212644
212644
212650
212650
212650
212657
212657
212657
212658
212658
212663
212663
212663
212663
212663
212663
212665
212667
212669
212671
212672
212672
212672
212691
212691
212694
212698
212698
212699
212705
212705
212705
212705
212705
212705
212742
212742
212742
212742
212742
212742
212743
212743
212743
212743
212743
212743
212744
212744
212744
212754
212754
212754
212754
212754
212756
212756
212762
212762
212763
212763
212792
212792
212792
212792
212792
212792
212792
212810
212810
212810
212811
212811
212811
212811
212822
212822
212822
212822
212822
212822
212822
212822
212836
212836
212862
212862
212862
212862
212862
212862
212862
212862
212892
212898
212898
212905
212921
212921
212921
212921
212927
212927
212927
212927
212927
212927
212927
212928
212931
212931
212931
212932
212943
212943
212943
212944
212944
212944
212944
212944
212944
212944
212944
212944
212944
212945
212945
212945
212946
212946
212946
212946
212946
212947
212947
212947
212952
212952
212952
212952
212952
212952
212953
212953
212953
212953
212956
212956
212960
212975
212976
212976
212976
212978
212978
212981
212981
212981
212997
212997
213004
213004
213004
213004
213004
213015
213015
213015
213015
213015
213016
213030
213030
213030
213030
213030
213030
213030
213031
213031
213031
213032
213032
213032
213033
213033
213033
213033
213038
213041
213063
213063
213063
213063
213063
213063
213063
213063
213070
213070
213106
213106
213106
213106
213106
213112
213112
213112
213112
213112
213112
213112
213112
213133
213133
213133
213133
213134
213138
213138
213138
213138
213161
213161
213161
213162
213162
213162
213162
213162
213162
213163
213163
213171
213171
213171
213171
213175
213176
213176
213176
213176
213176
213176
213176
213176
213186
213194
213194
213194
213194
213194
213194
213206
213218
213219
213219
213219
213219
213219
213219
213220
213224
213233
213288
213288
213288
213289
213289
213289
213289
213289
213289
213289
213289
213289
213289
213289
213289
213289
213289
213289
213292
213292
213300
213300
213330
213331
213331
213331
213331
213334
213334
213334
213350
213357
213357
213357
213357
213357
213357
213357
213368
213368
213368
213368
213368
213368
213368
213368
213368
213368
213390
213393
213393
213393
213411
213411
213411
213411
213448
213448
213448
213448
213448
213449
213449
213449
213449
213449
213449
213449
213449
213449
213473
213479
213479
213479
213479
213479
213498
213498
213505
213505
213505
213505
213505
213505
213505
213505
213505
213505
213506
213506
213506
213506
213506
213511
213511
213511
213511
213511
213511
213511
213512
213515
213515
213515
213528
213529
213530
213532
213533
213534
213536
213570
213572
213576
213576
213576
213576
213576
213578
213578
213581
213582
213595
213595
213595
213595
213595
213595
213599
213600
213601
213603
213604
213605
213607
213615
213616
213617
213629
213631
213631
213631
213631
213644
213644
213644
213644
213644
213644
213644
213664
213664
213664
213664
213664
213664
213664
213664
213664
213664
213664
213665
213665
213665
213665
213665
213668
213670
213671
213673
213674
213679
213679
213679
213679
213679
213679
213689
213691
213691
213691
213691
213691
213691
213691
213692
213692
213695
213695
213699
213699
213699
213699
213699
213700
213704
213704
213710
213712
213712
213712
213712
213712
213712
213712
213721
213721
213731
213731
213731
213742
213742
213742
213742
213742
213742
213742
213749
213749
213751
213751
213751
213751
213751
213751
213751
213751
213751
213751
213751
213752
213752
213752
213752
213752
213752
213753
213753
213753
213753
213762
213762
213769
213771
213771
213771
213771
213772
213773
213773
213774
213774
213774
213774
213774
213774
213774
213774
213774
213774
213781
213781
213781
213798
213801
213801
213801
213801
213801
213801
213802
213802
213802
213802
213802
213810
213810
213811
213811
213811
213811
213811
213811
213814
213814
213817
213817
213818
213830
213830
213832
213834
213838
213838
213838
213839
213839
213839
213839
213839
213843
213843
213844
213844
213844
213851
213851
213851
213851
213851
213851
213859
213859
213863
213869
213869
213869
213869
213869
213873
213873
213875
213878
213878
213878
213878
213896
213896
213896
213896
213921
213926
213926
213926
213926
213926
213927
213927
213927
213927
213941
213946
213951
213951
213951
213951
213951
213951
213951
213951
213951
213951
213960
213960
213962
213962
213979
213979
213979
213980
213981
213981
213981
213992
213992
213992
213992
213992
213992
213992
214005
214024
214024
214024
214024
214024
214024
214025
214026
214026
214030
214030
214032
214032
214032
214032
214032
214032
214032
214032
214032
214033
214033
214033
214033
214033
214035
214048
214048
214048
214048
214061
214062
214062
214062
214062
214063
214063
214063
214063
214066
214080
214081
214094
214094
214095
214095
214106
214116
214116
214117
214117
214117
214117
214129
214129
214152
214152
214152
214152
214152
214152
214152
214152
214179
214179
214179
214179
214179
214179
214180
214180
214180
214180
214180
214181
214195
214195
214195
214195
214195
214200
214200
214200
214200
214200
214200
214200
214200
214200
214200
214200
214200
214200
214200
214200
214200
214200
214200
214200
214200
214200
214201
214201
214201
214201
214201
214201
214201
214201
214201
214201
214201
214201
214201
214206
214206
214206
214206
214206
214206
214206
214206
214206
214206
214206
214206
214210
214216
214224
214224
214225
214225
214225
214231
214231
214231
214231
214231
214231
214232
214237
214237
214237
214237
214238
214241
214243
214255
214255
214255
214255
214258
214258
214258
214258
214262
214262
214262
214262
214267
214269
214270
214273
214273
214273
214325
214325
214325
214325
214326
214326
214326
214339
214339
214339
214339
214339
214339
214339
214357
214357
214357
214357
214357
214359
214359
214359
214359
214359
214359
214359
214359
214359
214359
214363
214363
214364
214367
214369
214370
214372
214373
214375
214396
214396
214405
214407
214409
214410
214440
214442
214442
214442
214444
214444
214446
214448
214452
214452
214452
214452
214452
214452
214460
214460
214460
214460
214460
214460
214460
214460
214460
214460
214460
214460
214461
214461
214461
214463
214463
214463
214463
214463
214464
214469
214469
214469
214469
214472
214472
214472
214477
214477
214477
214478
214478
214485
214492
214494
214507
214507
214507
214507
214507
214507
214507
214531
214531
214535
214535
214536
214536
214536
214536
214536
214536
214537
214537
214537
214537
214537
214537
214544
214560
214560
214560
214560
214560
214562
214562
214562
214562
214562
214594
214594
214594
214594
214594
214594
214594
214595
214595
214595
214595
214595
214595
214595
214595
214599
214599
214600
214600
214600
214601
214603
214606
214610
214612
214612
214613
214614
214615
214615
214616
214616
214617
214618
214619
214620
214620
214620
214620
214620
214621
214621
214621
214621
214622
214622
214622
214623
214625
214626
214627
214629
214630
214631
214633
214634
214636
214637
214638
214640
214641
214642
214644
214645
214646
214648
214649
214651
214680
214680
214680
214681
214681
214683
214699
214700
214703
214703
214703
214716
214716
214721
214721
214721
214721
214721
214721
214730
214730
214730
214730
214730
214730
214730
214736
214760
214760
214760
214760
214760
214760
214760
214760
214760
214760
214760
214760
214760
214763
214763
214763
214773
214773
214773
214773
214773
214773
214773
214773
214773
214773
214773
214773
214773
214774
214781
214782
214782
214782
214782
214793
214793
214793
214793
214797
214797
214797
214804
214805
214811
214811
214812
214812
214812
214812
214831
214831
214831
214845
214845
214845
214845
214866
214870
214870
214872
214872
214873
214873
214873
214873
214873
214873
214873
214873
214873
214874
214875
214876
214877
214878
214896
214907
214907
214907
214923
214923
214923
214923
214923
214923
214923
214923
214924
214924
214924
214924
214940
214940
214956
214972
214973
214973
214973
214973
214973
214973
214973
214981
214981
214989
214990
214990
214990
214990
214990
214991
214991
214991
214991
214996
214996
214996
214997
214997
214997
214997
214997
214997
214997
214997
214997
214997
214997
215000
215003
215003
215037
215037
215037
215037
215049
215049
215049
215049
215062
215062
215062
215062
215077
215077
215077
215077
215096
215096
215097
215097
215123
215123
215123
215125
215136
215136
215136
215137
215156
215156
215156
215157
215170
215170
215170
215170
215202
215202
215202
215203
215229
215229
215229
215230
215276
215276
215276
215278
215299
215300
215302
215302
215322
215322
215322
215322
215336
215336
215336
215336
215356
215356
215356
215356
215389
215389
215389
215389
215410
215410
215410
215410
215435
215435
215435
215435
215442
215442
215443
215443
215462
215462
215462
215463
215470
215470
215470
215470
215509
215509
215509
215509
215527
215527
215527
215527
215539
215539
215540
215540
215554
215554
215554
215556
215564
215564
215564
215564
215586
215586
215586
215586
215590
215590
215590
215590
215617
215617
215617
215617
215621
215621
215622
215622
215635
215636
215636
215636
215655
215655
215655
215655
215669
215669
215669
215671
215695
215695
215695
215696
215715
215715
215715
215715
215776
215776
215776
215777
215793
215793
215793
215793
215797
215797
215797
215797
215809
215809
215809
215809
215821
215821
215821
215823
215832
215832
215832
215832
215863
215863
215864
215864
215873
215873
215874
215874
215881
215881
215881
215882
215890
215890
215890
215890
215903
215903
215903
215903
215916
215916
215920
215936
215936
215936
215970
215970
215970
215971
215983
215983
215983
215984
216015
216015
216015
216015
216036
216036
216036
216037
216056
216056
216056
216056
216069
216069
216069
216069
216090
216090
216090
216090
216150
216150
216150
216150
216162
216162
216162
216162
216176
216176
216176
216176
216196
216196
216196
216197
216210
216210
216210
216210
216238
216238
216238
216238
216257
216257
216257
216257
216294
216294
216294
216294
216309
216309
216309
216309
216369
216369
216369
216370
216383
216383
216383
216383
216396
216396
216396
216396
216417
216417
216417
216417
216442
216442
216442
216442
216466
216466
216466
216466
216473
216473
216473
216473
216487
216487
216487
216487
216508
216508
216508
216510
216540
216540
216540
216540
216563
216563
216563
216564
216607
216607
216607
216607
216634
216634
216634
216634
216644
216644
216644
216644
216658
216658
216659
216659
216676
216676
216677
216677
216699
216699
216700
216700
216709
216709
216709
216709
216729
216729
216730
216730
216761
216761
216761
216761
216770
216770
216770
216770
216795
216795
216796
216796
216870
216870
216870
216870
216888
216888
216888
216888
216899
216899
216899
216899
216924
216924
216924
216924
216956
216956
216957
216957
216981
216981
216981
216982
216989
216989
216989
216989
217010
217010
217010
217010
217017
217017
217017
217017
217029
217029
217029
217030
217042
217043
217043
217043
217053
217053
217053
217055
217090
217090
217090
217090
217097
217097
217097
217097
217109
217109
217109
217110
217116
217116
217116
217117
217125
217125
217125
217126
217137
217137
217137
217137
217143
217143
217143
217143
217149
217149
217149
217150
217155
217155
217155
217155
217161
217161
217161
217161
217168
217168
217169
217169
217183
217183
217183
217183
217205
217205
217205
217205
217222
217222
217223
217223
217249
217249
217249
217249
217277
217277
217277
217277
217288
217288
217288
217290
217337
217337
217337
217338
217350
217350
217350
217351
217376
217376
217377
217377
217402
217402
217402
217402
217436
217436
217436
217436
217460
217460
217460
217460
217469
217469
217469
217470
217495
217495
217495
217495
217517
217517
217517
217517
217536
217536
217536
217536
217576
217576
217576
217577
217593
217593
217593
217593
217616
217616
217616
217618
217643
217643
217643
217643
217669
217670
217670
217670
217683
217683
217683
217683
217707
217707
217707
217707
217748
217748
217748
217748
217753
217753
217753
217753
217762
217762
217762
217762
217775
217775
217775
217775
217781
217781
217781
217781
217816
217816
217816
217816
217839
217839
217839
217839
217849
217849
217849
217849
217864
217864
217864
217864
217896
217896
217896
217896
217923
217923
217923
217923
217943
217943
217943
217944
217959
217959
217959
217959
217974
217974
217974
217974
217981
217981
217981
217981
217996
217996
217996
217996
218010
218010
218010
218011
218046
218046
218046
218046
218056
218056
218056
218056
218070
218070
218070
218070
218075
218075
218075
218075
218092
218092
218092
218092
218097
218097
218097
218097
218132
218132
218132
218132
218136
218136
218136
218136
218162
218162
218162
218162
218191
218191
218192
218192
218209
218209
218209
218209
218235
218235
218235
218235
218270
218270
218270
218270
218276
218276
218276
218276
218282
218283
218283
218284
218294
218294
218294
218294
218303
218303
218303
218303
218309
218309
218309
218309
218316
218316
218316
218316
218323
218323
218323
218323
218329
218329
218329
218329
218336
218336
218336
218337
218343
218343
218343
218343
218365
218365
218365
218365
218370
218370
218370
218370
218376
218376
218377
218377
218381
218381
218381
218381
218387
218387
218387
218387
218395
218395
218395
218395
218402
218402
218402
218402
218415
218415
218415
218415
218441
218441
218441
218441
218462
218462
218463
218464
218476
218476
218476
218477
218484
218484
218484
218484
218543
218543
218543
218543
218566
218566
218566
218566
218580
218580
218580
218580
218613
218613
218613
218613
218630
218630
218630
218630
218634
218634
218634
218634
218639
218639
218639
218639
218643
218643
218643
218643
218663
218663
218663
218663
218695
218695
218695
218695
218699
218699
218700
218700
218705
218705
218705
218706
218715
218715
218716
218716
218755
218755
218756
218756
218769
218769
218769
218769
218778
218778
218778
218778
218783
218783
218783
218783
218797
218798
218816
218816
218816
218816
218830
218830
218831
218841
218860
218860
218862
218870
218893
218893
218893
218893
218910
218910
218910
218910
218916
218916
218922
218928
218934
218943
218943
218949
218949
218954
218986
218986
218986
218986
218989
218989
218989
219003
219003
219003
219003
219009
219010
219014
219056
219057
219075
219075
219075
219075
219081
219081
219087
219096
219096
219102
219102
219107
219115
219115
219121
219133
219142
219142
219147
219154
219167
219174
219182
219182
219187
219203
219208
219215
219220
219229
219234
219241
219247
219255
219261
219295
219295
219295
219295
219303
219303
219303
219304
219324
219324
219324
219324
219335
219335
219335
219337
219369
219369
219369
219369
219389
219389
219389
219389
219408
219408
219408
219408
219432
219432
219433
219434
219435
219435
219436
219436
219448
219461
219467
219482
219482
219529
219529
219529
219530
219556
219556
219557
219557
219590
219590
219590
219590
219605
219605
219605
219605
219610
219610
219610
219611
219630
219630
219630
219630
219662
219662
219662
219662
219673
219673
219673
219674
219688
219688
219688
219689
219712
219712
219712
219713
219722
219722
219722
219722
219729
219729
219730
219730
219735
219742
219755
219755
219755
219762
219762
219770
219770
219776
219776
219780
219789
219789
219796
219797
219807
219816
219827
219833
219842
219842
219848
219856
219856
219862
219862
219867
219874
219891
219893
219901
219908
219920
219929
219933
219941
219948
219956
219962
219962
219969
219969
219983
219983
219983
219989
219989
219996
219996
220003
220037
220090
220131
220163
220202
220273
220302
220331
220398
220437
220469
220497
220528
220562
220678
220724
220776
220816
220857
220890
220937
220962
221022
221055
221115
221232
221243
221269
221282
221309
221323
221349
221364
221402
221409
221443
221471
221490
221515
221558
221570
221590
221602
221815
221815
221815
221815
221824
221824
221825
221842
221856
221862
221897
221921
221937
221957
222000
222043
222053
222076
222109
222130
222203
222203
222230
222275
222289
222302
222322
222342
222375
222443
222469
222489
222523
222530
222562
222624
222655
222685
222717
222724
222756
222770
222830
222868
222912
222937
222990
223002
223011
223055
223090
223090
223091
223123
223141
223141
223170
223170
223171
223185
223189
223203
223234
223740
223766
223793
223795
223828
223848
223874
223933
223939
223988
224026
224053
224073
224100
224126
224172
224172
224181
224220
224240
224261
224267
224288
224300
224313
224328
224347
224373
224641
224649
224707
224757
224821
224948
225004
225008
225008
225008
225008
225021
225024
225025
225025
225031
225031
225031
225032
225032
225033
225033
225038
225038
225040
225041
225041
225041
225041
225041
225042
225042
225042
225042
225042
225042
225043
225043
225043
225047
225047
225057
225058
225058
225062
225062
225065
225065
225069
225069
225073
225073
225085
225085
225090
225092
225092
225092
225093
225093
225093
225093
225096
225106
225106
225106
225106
225106
225106
225106
225106
225106
225106
225106
225107
225107
225107
225107
225107
225107
225107
225107
225107
225107
225107
225107
225107
225107
225107
225107
225107
225107
225107
225107
225107
225107
225107
225107
225107
225107
225111
225111
225113
225113
225113
225113
225114
225114
225119
225119
225119
225123
225123
225123
225123
225123
225123
225123
225123
225124
225124
225126
225128
225128
225131
225131
225131
225131
225132
225133
225135
225140
225140
225140
225140
225140
225140
225140
225142
225147
225147
225147
225150
225156
225156
225161
225161
225161
225162
225162
225162
225162
225162
225162
225162
225164
225164
225166
225168
225169
225169
225173
225173
225177
225177
225177
225177
225177
225180
225180
225180
225180
225181
225181
225181
225181
225181
225181
225181
225181
225181
225181
225182
225184
225186
225187
225189
225190
225191
225193
225194
225196
225197
225197
225197
225198
225198
225198
225198
225199
225203
225207
225207
225207
225212
225216
225220
225220
225221
225221
225221
225221
225221
225221
225221
225221
225221
225222
225222
225224
225233
225233
225233
225234
225237
225237
225237
225237
225237
225240
225244
225244
225248
225254
225254
225260
225267
225267
225267
225271
225271
225271
225271
225271
225279
225286
225286
225286
225286
225287
225292
225300
225304
225320
225320
225324
225329
225331
225331
225331
225333
225333
225336
225336
225336
225337
225337
225340
225340
225343
225343
225343
225343
225343
225345
225345
225345
225349
225350
225350
225350
225350
225350
225350
225350
225350
225350
225350
225350
225350
225350
225351
225351
225352
225352
225353
225354
225354
225355
225356
225356
225360
225360
225360
225360
225360
225360
225360
225362
225363
225365
225365
225368
225373
225374
225374
225374
225377
225380
225393
225399
225399
225400
225400
225400
225410
225410
225412
225416
225417
225418
225420
225423
225429
225429
225429
225429
225429
225429
225429
225433
225433
225440
225440
225440
225440
225444
225448
225448
225448
225448
225452
225453
225453
225460
225464
225464
225465
225465
225465
225465
225467
225467
225467
225467
225467
225467
225467
225468
225468
225469
225469
225470
225470
225471
225472
225473
225473
225476
225476
225476
225482
225482
225482
225482
225484
225488
225491
225492
225492
225498
225498
225501
225501
225501
225501
225501
225505
225505
225505
225505
225505
225505
225505
225505
225506
225506
225506
225506
225506
225506
225506
225508
225510
225510
225512
225513
225514
225515
225515
225517
225519
225520
225521
225521
225522
225524
225524
225524
225524
225524
225524
225524
225524
225524
225524
225524
225524
225524
225525
225525
225525
225525
225525
225525
225525
225525
225525
225525
225525
225525
225525
225525
225525
225527
225528
225529
225530
225531
225531
225531
225531
225531
225531
225531
225532
225533
225534
225536
225537
225538
225540
225541
225543
225543
225543
225544
225544
225545
225545
225546
225548
225549
225549
225550
225550
225551
225551
225552
225554
225555
225555
225555
225555
225555
225555
225555
225556
225565
225565
225565
225570
225570
225570
225570
225570
225570
225570
225570
225571
225571
225571
225571
225572
225580
225580
225580
225580
225580
225580
225580
225580
225580
225580
225580
225581
225581
225581
225581
225581
225581
225581
225581
225581
225581
225584
225584
225590
225595
225597
225597
225600
225603
225603
225605
225605
225605
225605
225607
225607
225607
225610
225610
225610
225610
225610
225610
225610
225610
225610
225615
225615
225615
225615
225615
225615
225615
225615
225616
225620
225620
225624
225624
225624
225624
225624
225624
225624
225624
225624
225624
225624
225624
225624
225630
225633
225637
225637
225643
225643
225643
225643
225643
225643
225643
225643
225644
225644
225645
225645
225645
225645
225645
225645
225647
225655
225655
225655
225655
225661
225661
225665
225665
225665
225668
225668
225672
225675
225675
225679
225679
225679
225679
225679
225680
225680
225682
225682
225682
225682
225684
225684
225684
225684
225684
225684
225684
225684
225684
225684
225684
225684
225684
225684
225684
225684
225684
225685
225695
225695
225695
225695
225695
225695
225695
225695
225695
225695
225695
225695
225696
225696
225696
225696
225696
225696
225696
225696
225696
225696
225700
225702
225702
225702
225702
225702
225702
225702
225702
225702
225702
225702
225703
225704
225704
225704
225706
225706
225706
225706
225706
225712
225712
225712
225712
225714
225714
225714
225714
225716
225723
225725
225729
225729
225730
225730
225730
225730
225730
225730
225730
225730
225730
225731
225731
225731
225732
225733
225734
225735
225737
225738
225738
225739
225739
225740
225743
225744
225746
225749
225749
225749
225750
225750
225750
225754
225754
225754
225754
225755
225755
225755
225756
225757
225757
225760
225760
225760
225760
225760
225760
225761
225761
225761
225761
225761
225761
225761
225764
225764
225764
225770
225770
225770
225770
225770
225770
225770
225770
225770
225770
225771
225771
225771
225771
225771
225771
225771
225771
225771
225771
225771
225772
225772
225773
225773
225774
225775
225776
225776
225780
225781
225781
225781
225783
225783
225786
225790
225790
225790
225790
225790
225791
225791
225791
225791
225791
225791
225791
225791
225792
225792
225792
225792
225792
225792
225792
225794
225795
225796
225796
225797
225797
225797
225799
225800
225802
225803
225803
225803
225805
225805
225805
225805
225807
225807
225808
225810
225811
225811
225811
225812
225815
225815
225815
225817
225817
225817
225817
225819
225824
225826
225828
225832
225834
225834
225834
225834
225837
225837
225837
225839
225839
225840
225840
225843
225843
225843
225843
225843
225843
225843
225844
225844
225844
225844
225847
225849
225849
225849
225854
225854
225855
225855
225858
225858
225858
225858
225858
225858
225860
225860
225860
225865
225865
225871
225871
225872
225873
225874
225876
225876
225876
225880
225884
225887
225890
225890
225891
225891
225897
225897
225897
225899
225899
225899
225899
225901
225901
225907
225920
225920
225920
225920
225920
225920
225920
225920
225920
225924
225930
225931
225935
225936
225936
225943
225943
225944
225944
225945
225945
225945
225948
225948
225954
225959
225959
225960
225960
225960
225963
225963
225965
225968
225968
225969
225969
225973
225973
225973
225979
225979
225980
225986
225986
225986
225989
225990
225990
225991
225993
225993
225994
225997
225997
226000
226001
226001
226001
226012
226017
226018
226018
226018
226018
226021
226021
226022
226022
226023
226025
226025
226025
226030
226030
226030
226033
226033
226033
226035
226036
226041
226041
226053
226057
226057
226061
226061
226064
226069
226069
226071
226071
226071
226071
226072
226073
226074
226076
226077
226078
226078
226078
226081
226081
226082
226082
226082
226085
226085
226086
226086
226086
226086
226086
226086
226086
226087
226087
226092
226095
226096
226096
226096
226096
226096
226096
226096
226099
226101
226101
226104
226106
226107
226110
226112
226112
226112
226112
226120
226121
226121
226122
226124
226125
226125
226128
226130
226132
226135
226135
226135
226135
226135
226135
226135
226135
226135
226135
226135
226135
226140
226140
226140
226140
226140
226140
226140
226140
226141
226141
226141
226141
226141
226141
226141
226141
226141
226142
226142
226142
226142
226142
226142
226142
226142
226142
226143
226143
226149
226149
226153
226153
226153
226153
226153
226153
226153
226154
226155
226155
226155
226155
226155
226155
226155
226155
226155
226155
226159
226159
226159
226159
226159
226159
226160
226164
226164
226165
226165
226165
226165
226172
226177
226177
226177
226179
226179
226182
226182
226182
226182
226182
226182
226182
226182
226189
226189
226189
226189
226193
226193
226196
226196
226202
226202
226205
226205
226205
226205
226207
226209
226209
226209
226212
226212
226212
226212
226220
226220
226224
226230
226230
226230
226230
226230
226230
226230
226230
226230
226230
226230
226231
226232
226232
226233
226233
226233
226234
226236
226236
226236
226236
226236
226240
226247
226247
226247
226247
226250
226252
226255
226255
226255
226255
226255
226255
226255
226255
226255
226255
226255
226256
226256
226256
226256
226256
226256
226256
226256
226256
226256
226256
226256
226256
226256
226256
226256
226256
226256
226256
226256
226256
226256
226256
226256
226256
226256
226256
226260
226265
226265
226265
226270
226271
226275
226275
226282
226282
226282
226282
226284
226288
226290
226290
226293
226293
226294
226294
226296
226296
226296
226296
226296
226296
226297
226297
226300
226301
226301
226301
226301
226301
226301
226301
226301
226301
226308
226308
226308
226311
226311
226312
226312
226312
226315
226315
226316
226318
226318
226318
226318
226318
226322
226324
226324
226325
226330
226330
226330
226330
226330
226332
226335
226335
226335
226335
226337
226337
226337
226339
226339
226339
226339
226340
226341
226341
226341
226341
226341
226341
226341
226341
226341
226343
226343
226346
226346
226348
226354
226355
226355
226356
226357
226357
226369
226369
226369
226370
226370
226370
226370
226370
226371
226372
226372
226372
226373
226380
226380
226380
226380
226380
226380
226382
226382
226382
226382
226384
226389
226389
226393
226393
226399
226400
226400
226400
226400
226403
226405
226410
226410
226410
226410
226410
226410
226410
226410
226410
226410
226410
226410
226410
226410
226420
226425
226425
226429
226430
226430
226430
226430
226430
226430
226430
226430
226430
226436
226436
226445
226445
226449
226449
226449
226449
226449
226450
226450
226450
226450
226456
226456
226456
226456
226459
226469
226469
226472
226476
226476
226476
226476
226476
226476
226476
226476
226476
226476
226476
226476
226476
226476
226476
226476
226478
226478
226478
226481
226481
226482
226482
226482
226483
226483
226489
226490
226490
226493
226496
226496
226496
226496
226496
226496
226496
226496
226496
226497
226497
226499
226499
226506
226506
226506
226506
226513
226513
226513
226520
226520
226520
226520
226520
226525
226528
226528
226528
226528
226530
226532
226536
226539
226539
226539
226539
226539
226539
226541
226541
226541
226544
226548
226548
226548
226552
226557
226557
226561
226562
226562
226562
226567
226567
226567
226567
226567
226567
226567
226567
226567
226567
226567
226570
226572
226572
226573
226573
226573
226575
226576
226582
226582
226582
226584
226587
226587
226587
226587
226587
226587
226587
226587
226587
226587
226587
226587
226587
226592
226592
226596
226600
226602
226602
226602
226602
226602
226607
226607
226610
226612
226612
226612
226612
226612
226613
226620
226628
226628
226629
226629
226637
226637
226637
226637
226637
226641
226641
226644
226648
226648
226648
226648
226651
226652
226656
226656
226656
226656
226664
226664
226670
226670
226671
226671
226672
226676
226676
226676
226679
226679
226679
226679
226679
226680
226681
226681
226681
226685
226685
226685
226686
226688
226688
226692
226692
226693
226696
226696
226696
226696
226696
226700
226701
226704
226705
226706
226706
226706
226708
226708
226708
226709
226709
226710
226712
226713
226713
226715
226715
226715
226716
226716
226717
226717
226717
226717
226717
226720
226727
226727
226727
226727
226727
226727
226727
226730
226730
226730
226730
226730
226730
226730
226730
226731
226731
226734
226734
226734
226735
226735
226735
226735
226735
226735
226736
226736
226736
226741
226741
226742
226742
226748
226749
226749
226749
226750
226750
226759
226761
226761
226762
226762
226762
226762
226765
226765
226765
226765
226765
226765
226765
226765
226765
226765
226765
226765
226765
226765
226765
226765
226765
226765
226765
226765
226765
226765
226765
226766
226766
226766
226766
226766
226766
226766
226766
226766
226766
226766
226766
226766
226766
226766
226766
226766
226766
226766
226766
226766
226766
226771
226771
226771
226771
226771
226771
226773
226777
226781
226781
226781
226781
226781
226782
226782
226782
226782
226782
226782
226782
226782
226782
226782
226782
226782
226785
226785
226786
226786
226786
226786
226786
226786
226787
226787
226787
226787
226788
226788
226789
226789
226789
226789
226789
226789
226789
226789
226789
226789
226789
226789
226789
226789
226789
226789
226789
226790
226790
226790
226791
226791
226791
226794
226797
226797
226797
226797
226797
226801
226801
226804
226808
226808
226808
226808
226808
226808
226809
226811
226811
226812
226813
226813
226813
226813
226813
226816
226816
226816
226817
226820
226820
226821
226822
226823
226824
226824
226824
226824
226824
226824
226825
226825
226828
226830
226831
226831
226831
226831
226839
226839
226839
226839
226839
226839
226840
226844
226844
226844
226844
226844
226844
226850
226850
226850
226850
226850
226850
226850
226850
226851
226852
226854
226855
226855
226857
226857
226857
226858
226858
226858
226859
226859
226859
226862
226862
226863
226864
226869
226869
226869
226869
226872
226872
226872
226872
226880
226880
226880
226880
226880
226882
226882
226885
226885
226887
226887
226887
226887
226888
226888
226889
226891
226891
226892
226893
226893
226895
226896
226900
226900
226900
226901
226904
226904
226904
226905
226905
226905
226908
226909
226910
226911
226911
226912
226912
226913
226913
226915
226915
226919
226920
226920
226921
226922
226922
226922
226922
226922
226922
226922
226922
226922
226922
226925
226925
226928
226928
226928
226930
226930
226932
226935
226935
226936
226936
226939
226939
226939
226940
226940
226943
226945
226945
226945
226946
226946
226947
226948
226950
226952
226952
226952
226952
226953
226957
226957
226958
226958
226958
226959
226959
226959
226959
226959
226959
226959
226959
226959
226960
226960
226960
226960
226960
226961
226961
226961
226961
226961
226961
226961
226965
226965
226965
226965
226969
226969
226971
226971
226971
226972
226973
226976
226976
226980
226980
226980
226982
226986
226986
226986
226986
226988
226988
226988
226989
226989
226989
226989
226989
226989
226989
226989
226989
226989
226989
226989
226990
226990
226991
226996
226996
226996
226996
227000
227000
227006
227006
227006
227007
227007
227012
227016
227017
227017
227017
227017
227017
227017
227017
227017
227017
227017
227017
227017
227019
227019
227020
227020
227020
227020
227021
227023
227026
227027
227032
227032
227032
227032
227032
227032
227034
227040
227040
227040
227040
227040
227044
227046
227046
227046
227050
227054
227056
227058
227060
227060
227063
227063
227064
227065
227066
227066
227066
227067
227067
227068
227069
227070
227076
227076
227076
227076
227080
227080
227080
227083
227083
227085
227085
227085
227085
227087
227087
227087
227092
227096
227096
227096
227100
227100
227101
227101
227101
227105
227105
227105
227107
227107
227107
227107
227107
227107
227107
227108
227108
227109
227109
227114
227114
227114
227115
227116
227117
227117
227117
227119
227119
227121
227121
227121
227121
227121
227122
227124
227125
227125
227128
227128
227128
227134
227135
227136
227136
227136
227136
227136
227139
227139
227139
227140
227142
227142
227142
227147
227148
227150
227150
227150
227150
227150
227150
227152
227156
227156
227156
227156
227160
227162
227162
227164
227167
227167
227167
227167
227167
227169
227169
227169
227169
227169
227169
227169
227169
227169
227169
227170
227170
227170
227171
227172
227176
227177
227177
227177
227177
227177
227180
227181
227181
227183
227183
227183
227184
227187
227189
227189
227195
227197
227198
227200
227200
227201
227201
227201
227201
227201
227201
227201
227201
227201
227201
227201
227203
227204
227204
227206
227206
227206
227206
227206
227206
227206
227206
227207
227208
227211
227218
227218
227218
227218
227218
227218
227219
227220
227220
227220
227222
227222
227222
227222
227223
227224
227225
227225
227226
227227
227229
227230
227232
227234
227234
227234
227234
227234
227234
227235
227237
227241
227241
227244
227244
227246
227247
227248
227248
227249
227251
227255
227256
227256
227258
227258
227258
227258
227258
227258
227259
227259
227259
227259
227260
227260
227260
227260
227260
227260
227260
227260
227261
227266
227266
227269
227269
227269
227269
227269
227275
227275
227275
227275
227275
227275
227280
227281
227281
227281
227282
227282
227282
227282
227282
227282
227282
227282
227282
227282
227282
227283
227283
227283
227286
227287
227294
227295
227295
227295
227295
227295
227295
227295
227298
227298
227298
227298
227298
227298
227298
227298
227298
227298
227298
227298
227298
227299
227299
227299
227299
227300
227304
227304
227304
227305
227306
227306
227306
227306
227306
227307
227308
227309
227310
227311
227329
227329
227329
227329
227329
227330
227330
227330
227332
227332
227333
227335
227335
227335
227336
227342
227342
227342
227344
227344
227344
227348
227350
227350
227350
227350
227350
227350
227350
227350
227350
227350
227366
227366
227371
227371
227374
227375
227376
227376
227380
227383
227383
227385
227386
227391
227393
227393
227395
227400
227401
227401
227401
227401
227401
227408
227408
227408
227408
227408
227415
227415
227415
227417
227417
227419
227420
227421
227422
227422
227422
227422
227422
227422
227423
227423
227423
227424
227424
227424
227424
227426
227428
227428
227429
227430
227440
227440
227440
227443
227443
227443
227443
227443
227443
227444
227444
227444
227445
227446
227446
227450
227451
227456
227456
227456
227456
227456
227458
227458
227458
227459
227459
227459
227461
227461
227461
227463
227463
227463
227467
227467
227469
227469
227469
227470
227474
227474
227474
227474
227475
227479
227480
227480
227481
227481
227481
227481
227481
227483
227485
227485
227487
227487
227488
227488
227490
227491
227493
227493
227496
227496
227497
227497
227500
227500
227504
227504
227505
227505
227505
227507
227507
227507
227507
227508
227508
227509
227511
227511
227511
227512
227514
227516
227520
227522
227522
227524
227528
227528
227529
227529
227529
227529
227529
227529
227532
227532
227535
227541
227541
227541
227542
227542
227543
227543
227544
227544
227544
227548
227552
227553
227553
227553
227553
227553
227553
227557
227558
227560
227560
227560
227561
227561
227564
227567
227568
227573
227573
227573
227576
227579
227580
227582
227589
227589
227589
227589
227592
227592
227592
227593
227595
227595
227595
227595
227600
227606
227608
227608
227608
227608
227608
227608
227608
227608
227609
227609
227612
227612
227615
227617
227617
227617
227618
227619
227620
227626
227626
227626
227628
227628
227628
227628
227628
227629
227630
227630
227630
227631
227631
227632
227634
227635
227636
227638
227639
227639
227640
227643
227644
227644
227645
227647
227648
227648
227657
227657
227657
227657
227657
227659
227663
227664
227664
227667
227667
227667
227668
227668
227669
227669
227670
227670
227670
227670
227670
227672
227672
227672
227672
227672
227672
227673
227675
227675
227676
227676
227680
227686
227688
227688
227688
227690
227690
227690
227690
227690
227690
227690
227693
227693
227693
227693
227696
227696
227696
227696
227696
227696
227696
227696
227700
227701
227701
227701
227703
227706
227708
227708
227708
227712
227712
227712
227713
227714
227714
227714
227714
227715
227715
227716
227716
227716
227716
227720
227720
227720
227721
227721
227721
227722
227722
227722
227722
227722
227722
227723
227724
227724
227724
227724
227725
227725
227725
227728
227730
227735
227739
227739
227740
227743
227745
227745
227745
227745
227745
227748
227748
227749
227753
227753
227753
227753
227753
227753
227759
227762
227762
227762
227763
227763
227764
227773
227775
227775
227775
227782
227782
227782
227783
227783
227783
227783
227792
227792
227792
227792
227792
227792
227798
227798
227798
227801
227801
227804
227805
227805
227805
227806
227814
227816
227817
227819
227819
227819
227820
227823
227823
227823
227823
227823
227823
227824
227824
227825
227827
227827
227827
227828
227828
227828
227828
227830
227832
227833
227836
227837
227837
227837
227837
227838
227842
227843
227848
227848
227855
227855
227855
227856
227856
227859
227860
227860
227866
227866
227866
227866
227867
227868
227868
227869
227873
227879
227879
227879
227880
227880
227881
227885
227885
227885
227892
227894
227895
227896
227896
227898
227898
227898
227898
227899
227899
227899
227899
227900
227901
227901
227901
227902
227903
227907
227907
227911
227911
227911
227911
227911
227911
227911
227911
227911
227911
227912
227912
227912
227912
227912
227913
227913
227914
227915
227916
227916
227917
227918
227919
227919
227920
227927
227932
227932
227936
227936
227936
227939
227941
227941
227951
227957
227957
227957
227959
227959
227959
227960
227960
227965
227966
227972
227972
227975
227975
227975
227980
227982
227982
227986
227989
227989
227989
227989
227990
227990
227990
227997
227997
227997
228002
228003
228004
228004
228004
228004
228004
228004
228004
228004
228004
228004
228004
228004
228004
228004
228004
228004
228004
228004
228004
228004
228004
228004
228005
228005
228005
228005
228008
228008
228008
228011
228012
228013
228013
228014
228016
228016
228016
228020
228020
228020
228020
228020
228020
228020
228020
228020
228020
228020
228020
228020
228020
228020
228021
228021
228021
228021
228021
228021
228021
228021
228021
228025
228025
228025
228025
228027
228027
228027
228027
228027
228027
228028
228028
228028
228028
228028
228028
228030
228030
228030
228033
228033
228033
228036
228040
228040
228042
228044
228046
228047
228049
228051
228051
228055
228055
228058
228061
228061
228062
228062
228062
228063
228063
228064
228064
228064
228064
228064
228065
228065
228065
228065
228065
228066
228067
228068
228072
228074
228079
228080
228083
228087
228088
228090
228090
228090
228091
228091
228092
228092
228094
228096
228101
228102
228102
228102
228104
228105
228107
228107
228108
228109
228111
228112
228112
228119
228124
228127
228128
228130
228132
228132
228133
228135
228135
228141
228142
228144
228145
228147
228148
228150
228151
228155
228157
228157
228162
228162
228165
228166
228173
228173
228177
228177
228177
228179
228183
228184
228184
228184
228184
228184
228189
228189
228192
228192
228193
228195
228197
228197
228203
228203
228203
228207
228207
228207
228207
228208
228208
228208
228208
228208
228208
228209
228209
228209
228209
228209
228209
228209
228209
228210
228212
228215
228216
228219
228219
228228
228230
228233
228233
228237
228237
228241
228241
228243
228250
228250
228250
228250
228250
228251
228254
228254
228254
228256
228256
228256
228256
228256
228256
228257
228257
228257
228259
228264
228264
228268
228269
228269
228269
228269
228269
228269
228269
228269
228269
228269
228273
228273
228273
228273
228276
228277
228277
228277
228277
228277
228277
228277
228277
228277
228277
228277
228277
228277
228279
228280
228280
228280
228280
228283
228284
228284
228285
228285
228287
228288
228291
228292
228293
228293
228294
228294
228294
228294
228294
228294
228294
228294
228294
228294
228294
228295
228295
228295
228299
228299
228299
228299
228299
228300
228300
228300
228300
228300
228301
228302
228302
228303
228303
228304
228305
228307
228307
228307
228307
228307
228312
228312
228312
228315
228316
228316
228316
228323
228327
228331
228332
228335
228339
228341
228341
228344
228348
228348
228348
228351
228356
228357
228357
228357
228357
228360
228360
228361
228363
228364
228365
228365
228365
228371
228371
228371
228371
228371
228371
228371
228375
228380
228380
228380
228380
228380
228380
228380
228380
228380
228380
228380
228380
228380
228380
228380
228380
228380
228380
228381
228381
228381
228381
228381
228381
228381
228381
228381
228381
228381
228381
228381
228381
228385
228385
228387
228392
228401
228401
228403
228405
228413
228413
228413
228413
228413
228417
228417
228421
228423
228423
228423
228423
228424
228424
228430
228430
228435
228435
228435
228435
228435
228435
228435
228435
228435
228439
228443
228444
228444
228444
228447
228447
228447
228448
228448
228450
228450
228450
228450
228450
228451
228451
228451
228451
228451
228458
228469
228469
228469
228469
228472
228472
228472
228472
228472
228472
228472
228472
228472
228473
228473
228473
228473
228476
228476
228477
228478
228478
228479
228479
228479
228479
228479
228479
228484
228484
228487
228491
228492
228498
228498
228498
228499
228501
228503
228504
228504
228512
228516
228516
228524
228532
228532
228536
228539
228539
228539
228539
228539
228539
228539
228539
228539
228539
228539
228539
228539
228539
228540
228540
228540
228540
228540
228540
228540
228540
228540
228540
228540
228540
228540
228540
228540
228540
228540
228540
228542
228542
228542
228542
228542
228544
228546
228546
228546
228554
228555
228562
228573
228581
228581
228588
228588
228590
228591
228591
228591
228592
228593
228593
228593
228593
228593
228597
228600
228608
228608
228608
228619
228619
228620
228620
228620
228620
228624
228624
228624
228628
228630
228634
228634
228634
228634
228634
228634
228634
228634
228634
228634
228634
228634
228634
228634
228634
228634
228634
228634
228634
228634
228635
228636
228642
228643
228643
228644
228644
228644
228645
228645
228645
228645
228645
228645
228645
228645
228645
228645
228645
228645
228645
228645
228645
228645
228645
228645
228645
228645
228645
228646
228646
228647
228650
228662
228682
228683
228684
228685
228686
228687
228688
228690
228690
228692
228695
228695
228695
228699
228699
228699
228699
228699
228703
228704
228710
228715
228716
228716
228716
228718
228722
228728
228729
228729
228729
228734
228737
228737
228738
228741
228743
228743
228747
228747
228747
228747
228747
228747
228749
228749
228749
228750
228750
228759
228759
228759
228759
228760
228762
228763
228765
228767
228767
228767
228768
228775
228782
228786
228790
228793
228796
228798
228798
228801
228805
228806
228810
228814
228816
228820
228820
228820
228821
228821
228822
228822
228823
228823
228824
228824
228825
228825
228826
228826
228826
228827
228828
228828
228829
228830
228830
228832
228841
228841
228841
228842
228842
228842
228842
228843
228844
228846
228848
228849
228852
228853
228853
228853
228855
228855
228855
228855
228855
228855
228855
228855
228855
228855
228855
228855
228855
228855
228855
228855
228855
228855
228855
228855
228855
228855
228855
228855
228855
228855
228855
228856
228856
228856
228856
228856
228856
228856
228856
228856
228856
228856
228856
228859
228859
228859
228862
228862
228869
228869
228869
228869
228870
228874
228875
228876
228876
228878
228883
228883
228883
228883
228883
228883
228883
228886
228886
228886
228886
228886
228888
228888
228896
228896
228896
228897
228900
228903
228904
228904
228904
228904
228904
228904
228904
228907
228909
228909
228911
228912
228912
228912
228913
228913
228914
228914
228919
228919
228919
228920
228923
228923
228924
228927
228928
228928
228928
228928
228928
228931
228931
228931
228933
228933
228933
228936
228937
228937
228937
228940
228943
228944
228944
228944
228944
228944
228944
228944
228944
228949
228949
228949
228950
228950
228950
228950
228956
228956
228956
228961
228961
228961
228964
228965
228966
228966
228968
228969
228976
228977
228977
228977
228977
228977
228978
228978
228978
228978
228978
228978
228978
228978
228978
228978
228980
228985
228985
228986
228986
228987
228987
228988
228988
228988
228988
228988
228988
228990
228992
228995
228995
228995
228995
228996
228996
228998
228998
229001
229001
229001
229002
229002
229004
229004
229006
229006
229006
229008
229013
229013
229013
229014
229016
229020
229020
229020
229021
229021
229030
229030
229030
229030
229030
229030
229030
229030
229030
229032
229032
229036
229036
229036
229038
229038
229038
229044
229047
229048
229050
229050
229050
229052
229052
229055
229055
229055
229055
229055
229055
229055
229055
229057
229060
229060
229064
229064
229070
229070
229071
229071
229071
229071
229071
229072
229072
229076
229077
229079
229079
229079
229079
229080
229081
229081
229081
229081
229081
229081
229082
229082
229082
229082
229082
229083
229083
229085
229085
229086
229086
229087
229087
229087
229087
229087
229090
229092
229092
229092
229096
229097
229098
229098
229098
229098
229099
229100
229100
229101
229102
229104
229108
229108
229111
229112
229115
229117
229117
229119
229129
229130
229130
229136
229136
229137
229137
229137
229137
229137
229139
229145
229145
229145
229149
229152
229152
229155
229155
229159
229159
229161
229163
229163
229165
229165
229165
229168
229168
229176
229179
229179
229179
229179
229180
229182
229182
229184
229193
229195
229195
229197
229197
229197
229197
229201
229201
229203
229203
229207
229207
229207
229210
229210
229213
229215
229215
229216
229218
229222
229223
229223
229223
229224
229230
229231
229236
229236
229236
229241
229241
229253
229253
229262
229262
229262
229262
229264
229264
229265
229265
229265
229265
229265
229265
229265
229266
229268
229272
229277
229280
229284
229289
229289
229292
229292
229292
229295
229296
229296
229296
229296
229296
229297
229297
229297
229307
229307
229312
229312
229313
229319
229324
229326
229329
229329
229330
229330
229330
229332
229333
229333
229333
229333
229336
229336
229337
229338
229345
229345
229345
229348
229351
229351
229353
229353
229353
229360
229363
229364
229364
229364
229369
229370
229370
229370
229370
229374
229374
229374
229376
229378
229380
229382
229382
229386
229389
229389
229390
229390
229390
229390
229390
229390
229390
229390
229390
229390
229390
229390
229390
229390
229390
229390
229390
229390
229390
229390
229390
229390
229390
229390
229391
229391
229391
229391
229391
229391
229396
229396
229396
229396
229396
229396
229396
229400
229402
229403
229403
229403
229403
229403
229405
229405
229405
229407
229407
229407
229408
229408
229411
229412
229419
229422
229422
229422
229422
229422
229422
229422
229422
229422
229422
229422
229422
229422
229422
229422
229422
229422
229422
229422
229422
229423
229423
229423
229423
229423
229423
229423
229423
229423
229423
229423
229423
229423
229423
229423
229423
229423
229423
229423
229423
229423
229423
229423
229423
229423
229423
229423
229423
229424
229426
229431
229436
229436
229436
229437
229437
229437
229442
229445
229445
229445
229446
229446
229450
229450
229456
229459
229461
229461
229461
229464
229464
229468
229468
229468
229468
229469
229469
229469
229472
229476
229480
229488
229492
229496
229500
229508
229508
229512
229517
229517
229517
229517
229518
229518
229518
229522
229529
229531
229541
229541
229541
229541
229542
229553
229553
229560
229564
229564
229564
229565
229568
229568
229568
229568
229568
229588
229588
229592
229601
229608
229608
229612
229612
229612
229612
229617
229624
229624
229624
229624
229633
229637
229637
229640
229642
229642
229643
229644
229645
229651
229654
229654
229654
229664
229665
229665
229671
229680
229680
229685
229685
229685
229702
229702
229703
229703
229704
229708
229712
229713
229713
229714
229714
229714
229714
229714
229714
229714
229714
229714
229714
229714
229714
229714
229714
229714
229714
229714
229714
229714
229714
229715
229715
229715
229715
229715
229715
229715
229715
229715
229715
229718
229718
229718
229721
229721
229722
229738
229738
229738
229738
229738
229741
229745
229746
229746
229746
229746
229746
229746
229746
229746
229748
229750
229750
229750
229751
229753
229762
229765
229765
229765
229765
229765
229766
229766
229766
229766
229766
229766
229766
229766
229766
229767
229767
229767
229768
229768
229768
229768
229768
229773
229773
229773
229775
229775
229775
229776
229776
229776
229776
229783
229783
229785
229785
229785
229792
229792
229792
229792
229793
229793
229793
229793
229793
229794
229794
229794
229794
229794
229794
229794
229794
229794
229798
229798
229801
229801
229803
229807
229807
229813
229813
229813
229819
229819
229819
229819
229819
229820
229820
229820
229820
229820
229820
229820
229820
229820
229820
229820
229820
229820
229820
229820
229820
229820
229820
229821
229821
229821
229821
229821
229821
229821
229821
229821
229821
229821
229821
229838
229838
229839
229840
229842
229842
229842
229850
229857
229857
229857
229857
229867
229867
229867
229870
229877
229877
229877
229882
229882
229882
229882
229882
229882
229882
229883
229886
229886
229890
229891
229891
229891
229891
229892
229892
229893
229893
229896
229900
229900
229904
229904
229904
229905
229905
229906
229906
229906
229906
229906
229906
229906
229916
229916
229916
229917
229917
229920
229924
229924
229924
229924
229925
229925
229925
229925
229925
229925
229925
229925
229925
229925
229925
229925
229925
229925
229925
229925
229925
229925
229925
229925
229925
229925
229925
229925
229925
229926
229927
229928
229929
229930
229930
229930
229930
229930
229930
229930
229931
229932
229932
229933
229934
229934
229935
229935
229936
229937
229937
229938
229938
229939
229939
229939
229940
229941
229941
229942
229942
229943
229943
229944
229944
229945
229945
229945
229945
229946
229946
229947
229947
229947
229948
229948
229949
229950
229955
229955
229963
229963
229963
229963
229963
229963
229963
229964
229968
229969
229969
229969
229976
229976
229980
229980
229980
229981
229984
229984
229988
229989
229989
229989
229989
229989
229989
229989
229992
229992
229996
229996
229996
230000
230009
230009
230011
230014
230018
230018
230025
230025
230029
230029
230029
230039
230039
230039
230042
230042
230042
230043
230044
230047
230048
230048
230048
230048
230048
230051
230055
230055
230056
230059
230063
230068
230068
230070
230074
230074
230082
230086
230086
230094
230098
230102
230102
230103
230106
230108
230112
230123
230128
230134
230134
230148
230160
230171
230191
230191
230191
230195
230206
230217
230222
230230
230234
230241
230241
230241
230241
230242
230248
230253
230253
230253
230253
230253
230253
230253
230253
230253
230267
230267
230267
230267
230267
230267
230267
230267
230267
230267
230267
230267
230267
230268
230268
230268
230268
230268
230268
230268
230268
230268
230268
230268
230268
230268
230268
230268
230268
230268
230268
230268
230268
230268
230268
230268
230268
230279
230279
230279
230279
230279
230282
230284
230284
230284
230284
230284
230284
230284
230286
230288
230290
230294
230294
230294
230306
230306
230316
230316
230316
230316
230316
230326
230326
230330
230331
230338
230341
230350
230354
230356
230356
230358
230363
230364
230364
230367
230375
230375
230375
230386
230390
230390
230394
230398
230405
230405
230405
230426
230429
230434
230435
230435
230435
230437
230437
230437
230437
230437
230438
230441
230441
230441
230441
230441
230441
230441
230441
230441
230441
230442
230442
230446
230446
230446
230450
230450
230450
230450
230450
230455
230455
230455
230462
230466
230470
230470
230470
230470
230474
230474
230478
230478
230478
230486
230486
230486
230490
230494
230494
230494
230498
230498
230502
230502
230504
230514
230514
230515
230515
230519
230519
230519
230522
230523
230523
230526
230526
230530
230530
230530
230534
230534
230537
230538
230542
230546
230550
230551
230554
230556
230556
230556
230560
230560
230560
230562
230562
230564
230564
230564
230564
230564
230568
230570
230571
230574
230574
230575
230575
230575
230582
230582
230583
230586
230589
230589
230589
230589
230591
230591
230594
230594
230598
230598
230598
230602
230603
230603
230606
230606
230612
230612
230612
230612
230618
230623
230623
230626
230632
230632
230632
230632
230633
230637
230637
230647
230647
230651
230651
230652
230655
230655
230655
230655
230659
230660
230662
230666
230666
230670
230671
230673
230673
230673
230674
230675
230675
230685
230685
230685
230685
230686
230687
230689
230689
230689
230689
230689
230689
230689
230689
230690
230695
230695
230695
230698
230711
230711
230711
230711
230713
230715
230715
230715
230715
230716
230716
230716
230722
230722
230723
230726
230730
230730
230747
230747
230747
230757
230757
230757
230766
230766
230771
230775
230775
230775
230783
230787
230791
230796
230797
230797
230804
230807
230807
230807
230807
230807
230807
230817
230818
230822
230823
230826
230834
230835
230839
230846
230848
230848
230848
230848
230849
230849
230851
230866
230866
230874
230879
230883
230884
230884
230884
230887
230887
230887
230887
230887
230890
230894
230899
230899
230908
230908
230912
230913
230913
230913
230913
230916
230921
230921
230923
230924
230926
230927
230927
230935
230937
230939
230942
230953
230954
230954
230954
230954
230954
230958
230962
230987
230987
230997
231002
231004
231004
231006
231007
231007
231020
231026
231027
231027
231027
231029
231034
231037
231038
231042
231045
231046
231046
231048
231053
231053
231053
231054
231056
231056
231056
231056
231057
231064
231064
231064
231075
231075
231076
231082
231087
231087
231094
231097
231098
231102
231107
231110
231114
231118
231120
231120
231123
231123
231123
231123
231123
231127
231131
231131
231132
231132
231138
231143
231147
231148
231148
231148
231148
231154
231160
231161
231161
231161
231161
231161
231167
231167
231168
231168
231169
231169
231170
231171
231173
231175
231177
231178
231179
231183
231186
231189
231190
231194
231195
231198
231198
231198
231198
231201
231202
231205
231207
231210
231211
231212
231214
231216
231218
231226
231227
231229
231229
231230
231230
231234
231235
231239
231239
231243
231246
231249
231251
231251
231255
231258
231262
231266
231270
231274
231278
231279
231279
231279
231279
231279
231279
231279
231279
231282
231285
231285
231286
231290
231295
231295
231300
231306
231307
231310
231311
231315
231315
231316
231317
231317
231321
231321
231321
231334
231334
231338
231343
231346
231347
231347
231347
231350
231358
231362
231364
231364
231366
231366
231370
231374
231377
231377
231378
231379
231379
231382
231383
231386
231390
231390
231393
231394
231397
231397
231398
231398
231405
231405
231405
231406
231408
231408
231408
231408
231416
231421
231428
231428
231428
231428
231428
231431
231434
231434
231437
231440
231440
231443
231446
231447
231452
231458
231458
231466
231466
231467
231467
231467
231467
231471
231475
231475
231475
231478
231483
231483
231483
231483
231497
231497
231499
231502
231504
231507
231507
231510
231511
231527
231527
231527
231530
231538
231542
231542
231545
231554
231562
231571
231571
231575
231575
231576
231578
231582
231585
231586
231590
231595
231595
231595
231597
231598
231598
231598
231602
231605
231606
231610
231610
231614
231618
231618
231619
231624
231625
231629
231630
231634
231634
231634
231635
231635
231642
231642
231650
231654
231666
231666
231671
231671
231671
231674
231677
231685
231685
231694
231705
231705
231705
231706
231714
231718
231722
231734
231734
231734
231735
231735
231735
231735
231735
231740
231740
231740
231740
231742
231752
231752
231758
231762
231767
231767
231768
231768
231768
231768
231778
231780
231782
231785
231786
231794
231794
231794
231795
231795
231795
231795
231796
231796
231796
231796
231797
231799
231803
231806
231806
231809
231810
231810
231810
231810
231810
231811
231812
231812
231817
231817
231818
231822
231826
231830
231832
231842
231845
231845
231846
231848
231850
231850
231850
231854
231856
231856
231865
231866
231866
231869
231872
231873
231878
231882
231886
231907
231907
231907
231907
231910
231910
231923
231923
231925
231925
231926
231930
231931
231931
231931
231934
231938
231938
231938
231953
231953
231958
231958
231958
231962
231964
231964
231964
231964
231964
231966
231966
231968
231972
231972
231977
231980
231982
231982
231986
231988
231988
231988
231988
231990
231994
231997
231998
232008
232012
232012
232019
232020
232020
232022
232025
232025
232026
232026
232027
232032
232032
232034
232038
232041
232045
232046
232046
232047
232048
232048
232050
232051
232053
232053
232053
232054
232055
232057
232058
232059
232060
232062
232063
232064
232067
232069
232069
232076
232086
232094
232094
232098
232106
232108
232109
232111
232112
232114
232115
232117
232119
232122
232124
232126
232126
232132
232134
232134
232135
232138
232140
232141
232142
232143
232143
232144
232150
232150
232162
232163
232163
232163
232163
232163
232163
232178
232179
232180
232180
232180
232182
232183
232187
232187
232191
232193
232194
232195
232199
232207
232210
232214
232215
232218
232218
232218
232218
232218
232222
232222
232226
232226
232226
232234
232234
232236
232238
232238
232242
232246
232246
232254
232254
232254
232257
232258
232262
232262
232262
232266
232266
232270
232291
232291
232291
232292
232292
232292
232294
232298
232302
232302
232305
232305
232305
232306
232308
232309
232309
232310
232310
232310
232314
232318
232322
232322
232326
232326
232329
232329
232329
232330
232336
232342
232346
232346
232350
232350
232354
232356
232362
232366
232366
232370
232378
232386
232390
232390
232394
232399
232400
232403
232403
232419
232421
232424
232424
232426
232428
232429
232431
232435
232436
232446
232446
232447
232448
232449
232457
232463
232479
232484
232486
232493
232498
232498
232500
232502
232506
232510
232526
232530
232540
232544
232544
232544
232545
232571
232579
232579
232582
232586
232586
232591
232596
232596
232606
232607
232607
232608
232610
232614
232616
232618
232622
232623
232627
232630
232630
232630
232631
232634
232637
232637
232637
232637
232650
232654
232654
232656
232656
232659
232659
232662
232666
232666
232675
232675
232675
232675
232679
232679
232679
232686
232688
232688
232693
232693
232695
232696
232700
232706
232706
232707
232707
232713
232713
232714
232715
232719
232720
232720
232723
232733
232733
232738
232743
232748
232748
232748
232748
232748
232754
232754
232754
232754
232754
232754
232757
232757
232758
232764
232764
232764
232766
232767
232768
232773
232778
232778
232779
232782
232785
232785
232786
232793
232793
232793
232793
232793
232793
232793
232794
232798
232798
232798
232802
232802
232814
232815
232818
232818
232818
232823
232823
232823
232824
232824
232824
232825
232825
232825
232826
232827
232827
232828
232830
232833
232839
232839
232839
232839
232842
232846
232847
232848
232848
232855
232855
232855
232855
232858
232861
232862
232862
232866
232870
232873
232874
232878
232885
232885
232886
232890
232895
232895
232895
232898
232898
232898
232902
232904
232904
232904
232904
232906
232907
232910
232914
232914
232914
232914
232914
232914
232915
232915
232915
232916
232919
232919
232921
232922
232924
232926
232926
232930
232930
232930
232934
232935
232935
232936
232938
232939
232942
232944
232951
232952
232953
232953
232953
232953
232953
232953
232965
232965
232971
232976
232977
232978
232979
232980
232981
232986
232987
232995
232995
232995
232997
232997
232997
233000
233000
233006
233010
233013
233014
233015
233018
233019
233019
233026
233032
233032
233036
233039
233039
233043
233053
233054
233058
233058
233058
233058
233066
233076
233083
233083
233086
233087
233088
233090
233090
233090
233093
233093
233099
233104
233104
233104
233107
233112
233113
233113
233113
233113
233115
233119
233123
233123
233123
233126
233127
233130
233132
233134
233135
233136
233137
233139
233139
233143
233144
233147
233147
233148
233150
233151
233151
233152
233154
233155
233156
233156
233156
233166
233166
233167
233167
233168
233168
233168
233168
233168
233168
233168
233168
233170
233171
233171
233174
233174
233177
233178
233179
233186
233186
233186
233186
233187
233191
233195
233197
233197
233197
233198
233202
233203
233206
233210
233213
233215
233215
233215
233224
233225
233225
233226
233226
233238
233239
233242
233246
233246
233253
233253
233257
233259
233263
233263
233265
233265
233279
233279
233284
233284
233292
233292
233292
233295
233296
233296
233300
233319
233319
233319
233319
233333
233336
233336
233336
233338
233338
233342
233347
233350
233354
233354
233354
233357
233357
233358
233358
233366
233366
233367
233367
233370
233370
233378
233378
233378
233383
233383
233386
233388
233397
233397
233398
233399
233402
233405
233406
233407
233407
233411
233411
233415
233415
233416
233427
233427
233428
233432
233432
233432
233432
233434
233444
233446
233450
233454
233454
233457
233457
233457
233458
233474
233475
233475
233476
233479
233479
233479
233482
233486
233486
233490
233491
233494
233494
233498
233498
233502
233512
233514
233514
233515
233515
233515
233515
233516
233523
233526
233530
233534
233535
233538
233542
233555
233555
233570
233574
233574
233580
233586
233588
233594
233595
233600
233606
233607
233610
233615
233615
233615
233617
233617
233619
233620
233622
233625
233626
233630
233632
233634
233638
233639
233642
233644
233646
233654
233656
233656
233657
233657
233657
233657
233662
233674
233674
233674
233677
233677
233681
233682
233682
233687
233691
233693
233693
233698
233707
233708
233708
233722
233726
233726
233726
233730
233738
233738
233738
233745
233745
233745
233746
233754
233758
233758
233758
233758
233764
233764
233766
233770
233777
233778
233784
233796
233798
233798
233803
233803
233805
233806
233818
233818
233818
233826
233826
233826
233830
233834
233838
233838
233838
233838
233838
233842
233848
233848
233848
233849
233855
233855
233859
233859
233859
233860
233860
233862
233862
233867
233867
233867
233874
233878
233879
233879
233879
233879
233879
233879
233880
233880
233883
233890
233897
233900
233901
233901
233901
233901
233901
233901
233901
233901
233901
233901
233902
233902
233902
233902
233914
233914
233914
233914
233916
233916
233917
233922
233927
233927
233929
233929
233929
233930
233934
233938
233942
233947
233947
233947
233948
233948
233948
233951
233951
233954
233955
233956
233958
233962
233962
233963
233963
233963
233966
233970
233970
233975
233977
233979
233979
233982
233986
233987
233991
234002
234003
234003
234005
234005
234008
234008
234008
234018
234018
234019
234019
234019
234019
234022
234024
234024
234026
234028
234029
234029
234042
234045
234046
234046
234047
234047
234054
234058
234061
234062
234066
234072
234075
234083
234086
234087
234090
234091
234091
234095
234096
234097
234106
234108
234108
234108
234111
234114
234117
234117
234124
234126
234127
234129
234131
234131
234135
234141
234143
234145
234145
234149
234154
234155
234157
234159
234163
234163
234163
234168
234171
234180
234180
234187
234187
234187
234187
234187
234188
234193
234193
234193
234193
234196
234196
234197
234197
234199
234202
234205
234206
234206
234208
234209
234215
234215
234223
234230
234231
234235
234238
234238
234238
234238
234239
234243
234247
234248
234253
234255
234256
234256
234256
234256
234256
234256
234259
234262
234266
234266
234266
234267
234271
234276
234276
234276
234277
234278
234283
234283
234286
234287
234290
234296
234296
234296
234299
234302
234302
234306
234308
234308
234308
234308
234308
234308
234308
234311
234311
234311
234311
234316
234319
234322
234322
234323
234323
234327
234329
234329
234330
234330
234330
234330
234330
234330
234330
234332
234334
234336
234342
234349
234349
234349
234349
234366
234366
234370
234370
234377
234378
234386
234397
234398
234406
234407
234407
234410
234416
234416
234416
234416
234418
234426
234427
234430
234433
234433
234434
234434
234438
234438
234438
234438
234438
234438
234439
234439
234445
234445
234445
234446
234452
234459
234468
234468
234468
234468
234468
234468
234477
234477
234477
234488
234490
234495
234495
234495
234495
234495
234495
234495
234495
234495
234496
234496
234496
234499
234502
234502
234504
234504
234506
234507
234507
234507
234508
234508
234508
234510
234514
234517
234523
234523
234523
234524
234524
234524
234528
234534
234534
234536
234544
234553
234553
234554
234554
234558
234558
234563
234563
234579
234579
234579
234579
234579
234579
234591
234598
234598
234598
234602
234604
234607
234614
234618
234622
234633
234634
234634
234637
234638
234646
234648
234652
234658
234659
234659
234659
234659
234659
234659
234659
234670
234670
234675
234683
234683
234683
234683
234690
234690
234706
234707
234710
234714
234714
234718
234722
234723
234723
234726
234730
234730
234734
234738
234742
234742
234762
234762
234766
234774
234782
234782
234786
234786
234786
234797
234797
234806
234815
234815
234819
234825
234826
234832
234840
234841
234841
234842
234843
234843
234850
234851
234854
234854
234863
234865
234867
234867
234871
234874
234874
234879
234880
234882
234882
234883
234883
234887
234887
234887
234887
234890
234891
234892
234895
234896
234896
234898
234909
234910
234910
234913
234916
234916
234916
234934
234934
234939
234939
234939
234939
234946
234946
234946
234954
234955
234955
234958
234958
234962
234966
234970
234971
234972
234987
234993
234993
234993
234993
234995
234995
235004
235004
235006
235008
235013
235013
235013
235013
235016
235016
235017
235017
235017
235017
235022
235022
235022
235023
235025
235031
235035
235035
235035
235035
235039
235040
235040
235040
235043
235045
235045
235046
235047
235047
235047
235047
235047
235047
235047
235047
235047
235047
235048
235050
235050
235050
235050
235050
235050
235050
235051
235053
235053
235056
235056
235058
235058
235058
235059
235062
235062
235062
235063
235063
235065
235067
235068
235068
235068
235068
235068
235069
235072
235076
235076
235079
235083
235087
235093
235093
235095
235095
235095
235095
235097
235097
235100
235104
235104
235109
235109
235112
235112
235116
235116
235118
235118
235118
235118
235121
235121
235121
235123
235123
235123
235123
235125
235125
235128
235128
235129
235129
235130
235133
235133
235133
235134
235134
235137
235137
235137
235144
235144
235145
235150
235150
235150
235153
235153
235154
235155
235155
235156
235156
235156
235168
235169
235169
235169
235169
235169
235169
235169
235169
235169
235169
235169
235174
235180
235184
235184
235187
235187
235187
235191
235191
235191
235191
235196
235203
235203
235203
235204
235210
235215
235215
235219
235219
235219
235220
235220
235220
235220
235220
235228
235229
235230
235232
235233
235234
235235
235236
235237
235240
235240
235240
235240
235240
235240
235241
235241
235241
235244
235245
235246
235247
235248
235248
235249
235249
235253
235253
235256
235256
235256
235257
235257
235261
235261
235264
235264
235264
235264
235264
235264
235264
235265
235265
235265
235266
235266
235267
235267
235267
235268
235268
235268
235268
235271
235272
235275
235279
235281
235283
235283
235283
235283
235283
235283
235285
235287
235287
235287
235290
235290
235293
235293
235295
235297
235297
235297
235297
235297
235301
235301
235307
235308
235311
235311
235315
235316
235316
235319
235319
235319
235319
235319
235319
235319
235321
235321
235323
235323
235323
235324
235324
235325
235327
235327
235327
235328
235328
235328
235329
235329
235329
235329
235329
235329
235331
235331
235332
235334
235334
235334
235334
235334
235334
235336
235337
235337
235337
235342
235345
235345
235346
235346
235348
235348
235353
235353
235353
235355
235355
235355
235355
235355
235355
235355
235355
235356
235358
235358
235358
235358
235361
235361
235364
235365
235365
235365
235366
235366
235366
235367
235367
235369
235369
235371
235371
235372
235377
235377
235381
235381
235384
235388
235388
235389
235389
235390
235390
235390
235390
235390
235392
235393
235393
235393
235395
235395
235395
235401
235401
235402
235402
235402
235402
235403
235405
235405
235408
235409
235412
235413
235416
235416
235416
235417
235417
235421
235421
235424
235427
235427
235427
235427
235427
235435
235435
235435
235435
235435
235435
235435
235435
235435
235435
235436
235436
235436
235436
235436
235437
235437
235437
235437
235437
235437
235437
235437
235437
235438
235444
235444
235444
235444
235444
235444
235444
235444
235445
235445
235445
235446
235446
235449
235449
235450
235458
235458
235458
235461
235461
235461
235463
235477
235477
235481
235481
235481
235481
235481
235481
235481
235483
235483
235488
235488
235488
235488
235493
235493
235493
235494
235496
235501
235501
235503
235503
235503
235509
235509
235512
235513
235513
235518
235518
235518
235520
235520
235524
235524
235524
235524
235524
235524
235528
235528
235528
235528
235531
235531
235532
235532
235532
235532
235532
235533
235533
235536
235536
235536
235536
235538
235540
235540
235540
235540
235543
235543
235543
235543
235545
235545
235546
235546
235547
235547
235560
235560
235560
235560
235560
235560
235560
235560
235560
235565
235565
235566
235566
235568
235570
235573
235576
235576
235576
235576
235576
235577
235580
235587
235589
235589
235589
235589
235590
235590
235590
235590
235592
235593
235593
235593
235593
235593
235593
235593
235596
235597
235598
235600
235604
235605
235606
235606
235606
235606
235606
235606
235606
235607
235607
235607
235607
235608
235611
235611
235613
235614
235614
235614
235614
235614
235614
235614
235614
235615
235615
235615
235615
235615
235615
235621
235623
235624
235628
235629
235630
235631
235631
235634
235635
235636
235636
235636
235636
235637
235637
235638
235638
235639
235639
235639
235639
235639
235639
235644
235647
235647
235648
235649
235651
235651
235652
235653
235654
235655
235655
235655
235657
235657
235659
235659
235663
235664
235664
235664
235664
235665
235665
235665
235666
235667
235668
235671
235676
235676
235679
235679
235684
235686
235686
235687
235687
235688
235688
235688
235688
235688
235689
235689
235689
235693
235693
235695
235697
235700
235700
235700
235700
235701
235702
235702
235702
235705
235706
235709
235710
235710
235711
235712
235713
235714
235716
235716
235716
235717
235718
235719
235721
235722
235724
235724
235724
235724
235724
235725
235725
235725
235726
235727
235728
235728
235728
235728
235728
235729
235731
235731
235732
235732
235732
235733
235735
235736
235736
235737
235739
235740
235740
235744
235744
235745
235745
235745
235745
235745
235747
235747
235748
235748
235748
235749
235749
235749
235750
235752
235753
235753
235753
235756
235760
235762
235762
235762
235762
235763
235764
235766
235766
235774
235774
235774
235774
235774
235775
235775
235775
235775
235775
235775
235775
235778
235778
235778
235779
235780
235780
235780
235780
235780
235780
235780
235780
235781
235785
235789
235793
235793
235795
235795
235799
235805
235806
235806
235806
235807
235807
235808
235808
235808
235808
235815
235816
235816
235819
235819
235822
235826
235826
235826
235831
235831
235831
235836
235840
235840
235840
235840
235846
235846
235846
235848
235854
235854
235854
235854
235854
235854
235867
235867
235867
235870
235870
235875
235877
235877
235877
235877
235877
235877
235880
235880
235883
235884
235887
235888
235892
235893
235893
235896
235896
235896
235896
235896
235898
235903
235903
235903
235907
235907
235908
235908
235908
235909
235909
235909
235911
235916
235916
235920
235924
235924
235924
235924
235925
235927
235927
235927
235928
235928
235928
235931
235932
235935
235936
235937
235940
235940
235940
235940
235944
235944
235945
235947
235947
235948
235951
235954
235954
235954
235954
235954
235955
235955
235957
235957
235957
235958
235962
235962
235962
235965
235965
235965
235966
235966
235966
235967
235969
235969
235971
235973
235973
235975
235977
235977
235977
235981
235981
235990
235991
235991
235991
235991
235991
235991
235997
235997
235999
235999
235999
235999
235999
236000
236000
236000
236000
236000
236004
236004
236004
236004
236006
236006
236007
236007
236014
236015
236016
236024
236024
236024
236024
236025
236026
236027
236027
236028
236028
236031
236031
236032
236033
236034
236035
236035
236036
236036
236039
236039
236047
236051
236055
236055
236056
236056
236059
236059
236061
236061
236063
236063
236065
236067
236067
236067
236072
236072
236076
236076
236081
236083
236085
236086
236086
236089
236091
236097
236097
236097
236098
236098
236104
236105
236106
236107
236107
236109
236112
236112
236112
236112
236113
236113
236113
236115
236115
236117
236117
236120
236120
236122
236123
236124
236124
236126
236127
236130
236130
236130
236130
236133
236133
236137
236137
236137
236138
236145
236145
236147
236147
236148
236149
236153
236155
236155
236155
236155
236155
236156
236158
236158
236158
236161
236161
236162
236162
236162
236167
236167
236167
236167
236167
236168
236168
236168
236168
236171
236171
236174
236174
236178
236183
236183
236183
236183
236184
236184
236184
236184
236184
236184
236184
236186
236186
236186
236188
236188
236190
236190
236191
236191
236191
236193
236193
236194
236194
236194
236194
236194
236194
236194
236194
236194
236194
236194
236198
236202
236202
236202
236204
236206
236206
236206
236207
236209
236209
236210
236210
236211
236212
236213
236216
236216
236216
236218
236218
236219
236221
236221
236221
236221
236222
236228
236232
236233
236233
236234
236236
236236
236237
236237
236241
236241
236241
236245
236245
236247
236250
236250
236250
236250
236251
236251
236252
236254
236254
236255
236256
236256
236256
236256
236259
236259
236260
236264
236266
236266
236267
236267
236268
236268
236270
236270
236273
236274
236277
236277
236278
236278
236278
236278
236278
236278
236278
236280
236284
236284
236285
236285
236286
236287
236289
236289
236289
236292
236293
236298
236298
236298
236298
236300
236300
236301
236301
236301
236301
236304
236306
236306
236313
236313
236313
236313
236313
236313
236313
236313
236313
236317
236317
236319
236319
236319
236321
236321
236321
236324
236324
236324
236324
236325
236325
236328
236328
236329
236329
236333
236333
236334
236334
236334
236334
236334
236336
236337
236337
236337
236340
236340
236340
236340
236340
236340
236340
236341
236341
236341
236343
236343
236343
236343
236344
236345
236355
236355
236355
236356
236360
236360
236360
236360
236360
236360
236360
236360
236360
236360
236360
236362
236362
236362
236362
236365
236367
236370
236371
236372
236372
236372
236372
236372
236372
236372
236372
236372
236374
236375
236375
236375
236375
236375
236376
236376
236376
236377
236377
236377
236379
236381
236381
236383
236384
236385
236388
236390
236390
236390
236391
236391
236393
236394
236394
236394
236394
236394
236394
236395
236395
236395
236395
236395
236395
236395
236395
236396
236399
236402
236402
236402
236402
236402
236402
236402
236402
236402
236402
236403
236405
236405
236405
236405
236405
236407
236408
236412
236413
236414
236414
236414
236415
236416
236416
236416
236421
236421
236421
236425
236425
236428
236428
236429
236430
236431
236432
236434
236435
236436
236436
236436
236436
236436
236438
236438
236438
236448
236448
236448
236449
236451
236452
236452
236454
236454
236454
236454
236458
236458
236461
236461
236462
236462
236462
236464
236467
236470
236470
236470
236470
236470
236472
236478
236478
236478
236478
236478
236480
236481
236481
236486
236486
236486
236487
236487
236487
236488
236488
236488
236489
236489
236489
236490
236494
236494
236496
236496
236500
236501
236501
236502
236506
236506
236509
236509
236509
236509
236509
236509
236513
236513
236514
236514
236514
236514
236515
236515
236516
236516
236516
236517
236517
236519
236521
236521
236521
236524
236525
236525
236525
236526
236526
236527
236529
236530
236530
236530
236530
236530
236530
236533
236533
236533
236533
236534
236534
236536
236536
236537
236537
236537
236537
236537
236537
236540
236542
236543
236544
236544
236544
236544
236545
236545
236546
236547
236549
236549
236549
236551
236552
236552
236552
236553
236554
236555
236555
236556
236561
236563
236564
236564
236564
236564
236567
236570
236570
236571
236571
236571
236571
236571
236571
236571
236571
236572
236572
236572
236572
236572
236573
236573
236573
236577
236577
236577
236580
236581
236581
236582
236583
236588
236591
236592
236596
236596
236600
236600
236601
236601
236603
236604
236604
236605
236605
236606
236608
236612
236614
236614
236615
236616
236618
236621
236621
236621
236621
236621
236622
236622
236622
236623
236623
236624
236624
236625
236625
236625
236626
236629
236633
236639
236641
236641
236644
236644
236644
236644
236644
236644
236644
236644
236648
236652
236653
236653
236654
236655
236655
236656
236656
236656
236656
236656
236658
236661
236664
236664
236664
236666
236668
236668
236671
236674
236675
236679
236679
236688
236688
236688
236688
236691
236692
236693
236696
236696
236696
236699
236699
236699
236699
236700
236705
236705
236707
236707
236708
236710
236710
236710
236711
236713
236713
236713
236715
236715
236715
236715
236716
236718
236718
236719
236719
236723
236724
236724
236725
236726
236727
236727
236728
236728
236729
236731
236731
236731
236732
236733
236735
236735
236736
236738
236739
236739
236739
236739
236739
236739
236740
236740
236743
236744
236744
236744
236745
236747
236749
236749
236751
236752
236755
236755
236755
236755
236755
236757
236759
236760
236760
236760
236760
236763
236765
236767
236767
236767
236767
236767
236771
236772
236772
236772
236774
236774
236774
236774
236774
236774
236775
236775
236775
236775
236776
236776
236776
236776
236778
236779
236783
236785
236785
236785
236785
236785
236785
236786
236786
236786
236787
236788
236788
236789
236794
236795
236795
236795
236798
236798
236798
236801
236801
236801
236805
236805
236805
236805
236806
236806
236806
236806
236807
236807
236811
236811
236811
236815
236817
236823
236824
236827
236830
236830
236830
236830
236830
236830
236830
236831
236835
236835
236835
236835
236835
236835
236835
236837
236839
236839
236840
236846
236846
236847
236847
236850
236851
236851
236851
236851
236851
236851
236851
236851
236851
236853
236855
236855
236855
236856
236862
236866
236868
236874
236875
236875
236875
236875
236875
236882
236883
236890
236894
236905
236906
236908
236916
236916
236916
236916
236917
236917
236924
236924
236926
236926
236927
236927
236927
236927
236930
236930
236936
236936
236936
236937
236937
236937
236941
236941
236941
236941
236942
236942
236944
236946
236947
236947
236954
236954
236954
236957
236958
236962
236967
236967
236968
236976
236976
236977
236977
236977
236977
236978
236978
236978
236981
236981
236984
236984
236984
236985
236985
236987
236987
236989
236989
236992
236993
236996
236997
237000
237000
237001
237001
237001
237001
237004
237005
237008
237008
237009
237010
237013
237013
237013
237013
237015
237016
237016
237016
237016
237017
237017
237017
237017
237017
237018
237018
237018
237018
237018
237018
237022
237023
237023
237023
237023
237026
237027
237028
237028
237032
237033
237033
237038
237038
237038
237039
237039
237039
237039
237039
237044
237045
237045
237045
237045
237047
237047
237048
237053
237053
237053
237053
237053
237053
237056
237060
237063
237064
237065
237066
237066
237068
237068
237069
237076
237076
237086
237088
237091
237091
237093
237094
237094
237094
237094
237095
237095
237095
237096
237097
237097
237100
237100
237100
237104
237104
237105
237105
237108
237113
237113
237115
237118
237121
237121
237124
237124
237124
237125
237125
237125
237126
237126
237126
237132
237135
237137
237138
237138
237139
237141
237141
237141
237142
237144
237145
237145
237148
237156
237156
237156
237156
237156
237156
237161
237161
237162
237162
237164
237164
237165
237165
237165
237167
237168
237172
237172
237172
237172
237173
237173
237174
237175
237176
237177
237177
237180
237180
237183
237184
237184
237184
237184
237184
237184
237191
237191
237192
237192
237192
237192
237192
237192
237192
237192
237192
237192
237200
237200
237200
237200
237201
237201
237204
237204
237207
237208
237208
237209
237209
237211
237211
237212
237215
237215
237217
237217
237218
237219
237220
237220
237220
237221
237221
237221
237222
237224
237224
237227
237227
237228
237228
237231
237232
237235
237236
237236
237236
237237
237238
237238
237239
237240
237241
237244
237245
237247
237247
237248
237248
237251
237253
237257
237257
237257
237259
237259
237260
237260
237260
237263
237264
237265
237265
237265
237266
237268
237269
237269
237272
237274
237276
237276
237276
237276
237279
237280
237283
237285
237286
237287
237291
237292
237292
237295
237295
237296
237296
237305
237305
237308
237310
237310
237311
237311
237311
237315
237322
237322
237322
237322
237322
237322
237323
237327
237327
237327
237331
237331
237331
237332
237332
237333
237333
237333
237334
237334
237335
237340
237340
237340
237341
237341
237341
237341
237341
237343
237343
237345
237345
237345
237348
237348
237348
237348
237348
237351
237357
237358
237358
237365
237365
237365
237365
237367
237371
237371
237371
237371
237371
237371
237371
237371
237375
237378
237378
237380
237380
237384
237384
237384
237384
237385
237385
237387
237388
237388
237388
237388
237388
237391
237392
237392
237393
237396
237396
237396
237396
237399
237403
237407
237411
237412
237413
237419
237419
237420
237420
237420
237420
237420
237420
237421
237421
237421
237422
237425
237426
237426
237426
237428
237431
237435
237435
237435
237435
237435
237436
237436
237436
237436
237436
237436
237436
237436
237437
237437
237438
237441
237441
237441
237447
237447
237447
237448
237450
237450
237450
237451
237456
237456
237456
237460
237463
237464
237467
237468
237469
237469
237471
237472
237474
237474
237474
237475
237476
237479
237479
237479
237480
237480
237480
237481
237482
237483
237484
237486
237486
237486
237487
237487
237489
237492
237492
237492
237492
237493
237494
237494
237494
237497
237497
237497
237499
237503
237504
237504
237504
237504
237504
237509
237509
237509
237512
237512
237512
237513
237513
237513
237514
237515
237515
237515
237516
237516
237517
237517
237518
237519
237521
237523
237527
237527
237527
237528
237528
237531
237532
237535
237536
237544
237547
237548
237551
237551
237551
237551
237551
237552
237552
237552
237552
237552
237555
237555
237556
237556
237558
237558
237558
237559
237559
237563
237564
237564
237564
237568
237569
237569
237569
237569
237569
237569
237572
237572
237573
237574
237575
237575
237576
237577
237577
237579
237579
237581
237582
237584
237584
237584
237585
237585
237587
237588
237588
237588
237588
237588
237591
237591
237591
237591
237593
237593
237594
237594
237595
237596
237597
237597
237599
237601
237601
237602
237603
237606
237606
237607
237608
237608
237608
237610
237610
237610
237610
237610
237610
237611
237611
237612
237612
237612
237613
237614
237614
237615
237616
237616
237617
237617
237618
237618
237621
237621
237621
237626
237626
237626
237626
237627
237627
237629
237629
237629
237631
237634
237634
237634
237635
237635
237635
237635
237636
237637
237638
237638
237638
237638
237639
237639
237643
237644
237644
237648
237648
237648
237649
237649
237649
237651
237654
237654
237654
237654
237654
237655
237657
237657
237657
237657
237657
237657
237658
237658
237658
237658
237658
237658
237659
237659
237660
237661
237661
237662
237662
237663
237665
237665
237666
237666
237666
237667
237672
237676
237676
237676
237677
237679
237680
237683
237683
237684
237686
237687
237688
237695
237708
237710
237710
237711
237714
237714
237714
237714
237714
237714
237714
237714
237715
237715
237718
237718
237725
237725
237728
237728
237728
237728
237731
237731
237736
237736
237739
237740
237740
237740
237740
237740
237740
237743
237747
237747
237747
237747
237751
237751
237751
237751
237751
237752
237755
237755
237756
237758
237758
237758
237758
237759
237759
237760
237760
237764
237767
237768
237768
237768
237768
237768
237769
237769
237771
237771
237771
237772
237775
237776
237777
237777
237780
237780
237780
237780
237784
237784
237785
237785
237788
237789
237789
237789
237789
237789
237789
237791
237792
237793
237797
237797
237799
237800
237800
237800
237800
237801
237801
237801
237801
237801
237803
237803
237804
237804
237805
237805
237807
237809
237809
237809
237812
237812
237812
237812
237815
237815
237815
237817
237817
237817
237819
237821
237822
237824
237826
237826
237826
237827
237827
237827
237828
237829
237831
237831
237836
237839
237839
237839
237839
237840
237840
237842
237842
237843
237843
237843
237843
237843
237843
237843
237844
237844
237845
237845
237846
237847
237847
237848
237848
237848
237850
237851
237852
237852
237852
237855
237857
237857
237863
237863
237863
237863
237863
237864
237867
237869
237869
237869
237873
237875
237875
237878
237878
237878
237878
237878
237878
237878
237878
237879
237886
237886
237886
237887
237887
237887
237887
237887
237887
237887
237888
237888
237888
237888
237889
237889
237889
237889
237889
237889
237889
237889
237891
237893
237893
237893
237895
237895
237896
237896
237896
237898
237899
237900
237901
237903
237904
237904
237904
237907
237909
237909
237909
237909
237909
237909
237911
237911
237912
237915
237916
237916
237918
237919
237919
237924
237924
237924
237926
237926
237926
237927
237927
237927
237927
237928
237930
237930
237931
237933
237933
237933
237933
237933
237936
237936
237936
237936
237939
237943
237944
237945
237945
237947
237947
237948
237948
237948
237948
237948
237948
237949
237949
237949
237957
237957
237959
237965
237965
237965
237965
237965
237965
237966
237966
237966
237966
237972
237972
237976
237976
237977
237977
237985
237985
237987
237994
237994
237994
237998
237999
238000
238000
238000
238000
238000
238000
238003
238003
238004
238004
238007
238008
238008
238008
238008
238008
238008
238010
238010
238011
238013
238013
238013
238018
238018
238018
238019
238023
238023
238023
238024
238024
238025
238025
238025
238025
238025
238026
238026
238027
238029
238029
238030
238030
238033
238033
238034
238035
238036
238039
238039
238043
238044
238044
238046
238046
238046
238047
238047
238048
238048
238048
238050
238051
238053
238053
238053
238053
238053
238055
238055
238055
238056
238056
238056
238056
238056
238060
238060
238060
238061
238064
238064
238064
238067
238068
238075
238076
238076
238076
238079
238081
238082
238085
238086
238088
238089
238090
238090
238090
238091
238093
238096
238096
238096
238097
238097
238097
238098
238100
238100
238102
238105
238107
238107
238107
238107
238107
238107
238108
238108
238110
238112
238114
238116
238116
238117
238117
238118
238120
238120
238120
238120
238121
238122
238122
238122
238122
238123
238124
238124
238125
238125
238127
238128
238128
238129
238131
238131
238134
238135
238136
238138
238139
238140
238142
238142
238144
238146
238147
238151
238157
238158
238158
238158
238161
238161
238161
238162
238165
238166
238166
238168
238172
238172
238174
238176
238178
238178
238182
238182
238182
238182
238183
238183
238183
238184
238185
238185
238186
238186
238187
238187
238187
238187
238187
238189
238189
238192
238194
238194
238194
238195
238195
238196
238198
238198
238199
238199
238199
238200
238202
238202
238204
238207
238207
238207
238208
238209
238211
238212
238212
238212
238214
238216
238216
238216
238218
238220
238222
238223
238224
238224
238224
238228
238228
238228
238230
238230
238236
238236
238236
238236
238237
238237
238239
238243
238243
238243
238245
238248
238248
238249
238249
238260
238260
238260
238260
238267
238267
238275
238275
238276
238276
238279
238279
238280
238280
238280
238282
238282
238282
238282
238283
238288
238291
238291
238294
238295
238295
238297
238297
238300
238300
238300
238303
238303
238305
238307
238308
238308
238309
238314
238314
238314
238314
238314
238315
238317
238317
238317
238317
238318
238318
238321
238321
238321
238323
238324
238324
238329
238329
238331
238332
238333
238337
238337
238337
238341
238341
238341
238344
238345
238345
238345
238345
238347
238348
238348
238349
238351
238351
238351
238352
238356
238356
238357
238360
238360
238364
238364
238367
238367
238367
238368
238371
238371
238371
238371
238371
238371
238372
238376
238376
238378
238379
238379
238380
238380
238380
238380
238380
238384
238389
238392
238394
238394
238397
238397
238397
238397
238397
238397
238398
238398
238399
238399
238400
238403
238406
238407
238407
238408
238411
238415
238417
238418
238418
238419
238419
238419
238419
238420
238421
238422
238422
238423
238424
238427
238427
238427
238429
238430
238430
238431
238433
238433
238433
238433
238435
238437
238437
238437
238439
238441
238442
238444
238446
238449
238450
238454
238454
238454
238457
238457
238457
238462
238462
238463
238463
238463
238463
238463
238463
238463
238463
238466
238466
238467
238471
238471
238477
238477
238478
238478
238481
238481
238481
238481
238481
238481
238481
238481
238482
238482
238483
238483
238486
238486
238489
238489
238492
238494
238494
238494
238495
238498
238500
238500
238500
238501
238501
238504
238504
238507
238507
238507
238508
238508
238508
238508
238508
238508
238508
238509
238509
238509
238510
238510
238510
238510
238511
238512
238514
238514
238515
238515
238515
238515
238515
238515
238517
238518
238519
238520
238528
238532
238532
238532
238534
238534
238534
238534
238539
238539
238545
238546
238546
238546
238546
238546
238546
238546
238546
238546
238547
238550
238551
238551
238556
238556
238556
238558
238558
238559
238563
238566
238566
238566
238567
238567
238567
238567
238568
238568
238568
238571
238576
238576
238576
238577
238580
238580
238580
238582
238582
238584
238584
238584
238585
238588
238588
238589
238590
238590
238590
238590
238590
238590
238590
238590
238592
238592
238592
238594
238594
238594
238594
238595
238596
238597
238599
238599
238600
238600
238604
238605
238605
238605
238605
238605
238608
238608
238608
238608
238610
238612
238612
238612
238613
238615
238615
238616
238616
238617
238617
238617
238617
238617
238617
238620
238620
238620
238623
238624
238627
238628
238635
238636
238639
238644
238644
238644
238644
238644
238644
238644
238646
238648
238648
238648
238649
238649
238652
238653
238653
238653
238656
238656
238656
238656
238656
238657
238660
238660
238660
238665
238665
238665
238666
238667
238668
238668
238668
238669
238669
238671
238673
238673
238673
238675
238676
238676
238678
238678
238678
238679
238680
238683
238683
238684
238687
238687
238687
238688
238688
238691
238691
238692
238692
238693
238694
238694
238695
238696
238696
238699
238699
238699
238699
238700
238703
238703
238703
238703
238704
238704
238706
238707
238707
238708
238708
238708
238709
238711
238712
238712
238712
238712
238713
238713
238716
238716
238716
238718
238719
238719
238719
238720
238722
238722
238722
238724
238725
238725
238725
238728
238731
238731
238731
238732
238732
238732
238732
238732
238732
238733
238734
238734
238735
238736
238737
238737
238741
238742
238742
238742
238742
238742
238743
238747
238747
238748
238749
238752
238754
238758
238758
238758
238758
238758
238758
238758
238758
238760
238763
238763
238764
238764
238765
238765
238766
238767
238768
238771
238772
238773
238774
238774
238774
238774
238775
238775
238775
238775
238778
238778
238778
238779
238780
238781
238781
238781
238782
238784
238785
238785
238787
238788
238791
238794
238794
238794
238794
238795
238795
238795
238796
238797
238797
238797
238798
238798
238798
238798
238801
238801
238803
238804
238804
238805
238805
238805
238806
238807
238808
238810
238810
238811
238813
238813
238815
238817
238818
238818
238818
238818
238818
238821
238821
238822
238825
238826
238827
238832
238837
238837
238837
238838
238838
238838
238840
238846
238849
238849
238855
238855
238863
238864
238865
238868
238868
238872
238872
238872
238876
238877
238877
238880
238881
238884
238886
238886
238886
238886
238888
238894
238894
238895
238898
238898
238898
238900
238905
238905
238905
238906
238908
238908
238912
238912
238913
238913
238913
238916
238919
238919
238919
238919
238921
238921
238921
238924
238924
238926
238928
238929
238929
238929
238929
238929
238929
238929
238929
238929
238934
238934
238934
238936
238938
238939
238944
238944
238944
238946
238946
238946
238946
238948
238950
238950
238955
238955
238958
238958
238959
238963
238963
238963
238963
238963
238963
238964
238964
238967
238967
238967
238976
238977
238978
238978
238981
238981
238981
238982
238982
238982
238983
238983
238985
238985
238987
238988
238988
238995
238995
238998
238998
238998
238998
238998
238998
238999
238999
239000
239000
239000
239000
239004
239004
239006
239006
239007
239007
239007
239007
239008
239008
239008
239008
239012
239012
239012
239013
239016
239016
239016
239016
239017
239020
239020
239020
239020
239024
239024
239024
239024
239025
239025
239026
239027
239028
239028
239029
239029
239032
239033
239033
239033
239033
239034
239034
239034
239034
239034
239037
239037
239041
239044
239045
239047
239048
239048
239048
239049
239057
239057
239057
239057
239057
239058
239059
239059
239067
239068
239068
239068
239076
239076
239077
239077
239077
239077
239077
239087
239087
239087
239096
239096
239098
239105
239107
239108
239116
239119
239119
239127
239127
239127
239128
239128
239129
239133
239133
239136
239137
239144
239145
239146
239148
239154
239154
239154
239154
239154
239154
239154
239155
239163
239165
239165
239165
239165
239166
239171
239172
239176
239176
239177
239177
239177
239181
239181
239181
239181
239185
239185
239186
239194
239196
239197
239206
239206
239206
239208
239219
239219
239219
239219
239224
239226
239230
239234
239234
239236
239237
239237
239239
239241
239246
239246
239251
239251
239261
239265
239265
239265
239266
239266
239267
239268
239268
239268
239270
239271
239274
239274
239275
239276
239276
239279
239289
239289
239289
239289
239291
239291
239294
239294
239294
239294
239295
239295
239296
239296
239296
239296
239297
239301
239301
239304
239304
239304
239304
239304
239304
239304
239304
239305
239305
239311
239311
239311
239316
239316
239316
239318
239318
239323
239323
239328
239328
239330
239330
239330
239330
239330
239330
239331
239331
239332
239332
239335
239335
239336
239337
239337
239337
239340
239340
239343
239343
239343
239344
239344
239345
239348
239348
239352
239352
239352
239353
239353
239356
239356
239356
239359
239359
239361
239361
239361
239361
239361
239361
239361
239363
239363
239363
239367
239367
239368
239368
239371
239374
239375
239375
239375
239379
239379
239379
239379
239381
239381
239381
239381
239383
239383
239384
239387
239388
239391
239393
239394
239394
239394
239395
239396
239398
239398
239398
239398
239398
239398
239399
239404
239404
239405
239405
239405
239407
239407
239407
239407
239407
239407
239407
239411
239411
239412
239412
239412
239412
239412
239412
239412
239412
239413
239413
239415
239416
239418
239421
239421
239421
239421
239425
239425
239425
239425
239425
239426
239427
239429
239429
239429
239431
239432
239432
239432
239433
239433
239433
239435
239436
239437
239440
239443
239444
239447
239447
239448
239451
239451
239455
239455
239456
239457
239457
239459
239459
239461
239461
239463
239463
239463
239464
239464
239464
239465
239467
239470
239470
239470
239470
239470
239470
239470
239471
239471
239472
239472
239472
239472
239475
239476
239476
239477
239477
239480
239480
239481
239481
239481
239483
239483
239483
239484
239484
239484
239484
239485
239485
239487
239488
239488
239489
239489
239491
239492
239495
239496
239497
239497
239497
239497
239497
239497
239498
239500
239500
239500
239503
239503
239503
239504
239508
239513
239515
239517
239517
239517
239519
239519
239519
239525
239525
239525
239526
239527
239533
239533
239534
239534
239536
239536
239537
239537
239540
239540
239540
239544
239544
239544
239546
239547
239548
239548
239551
239552
239553
239555
239560
239560
239560
239560
239560
239560
239560
239563
239563
239563
239567
239568
239571
239571
239571
239571
239572
239572
239572
239572
239572
239572
239572
239572
239574
239574
239576
239576
239576
239576
239576
239576
239576
239576
239576
239577
239577
239578
239578
239578
239579
239580
239580
239581
239585
239586
239586
239588
239588
239588
239588
239588
239590
239590
239591
239591
239591
239591
239591
239592
239592
239592
239595
239595
239595
239595
239596
239600
239600
239603
239607
239607
239608
239611
239614
239614
239614
239614
239614
239615
239615
239623
239627
239628
239628
239629
239630
239630
239630
239630
239630
239630
239630
239630
239630
239630
239630
239631
239635
239635
239635
239635
239636
239636
239639
239639
239640
239642
239643
239643
239654
239654
239655
239655
239655
239659
239660
239660
239661
239664
239667
239667
239667
239668
239668
239671
239673
239679
239681
239682
239687
239687
239694
239697
239697
239697
239710
239710
239710
239717
239717
239729
239729
239736
239745
239745
239746
239746
239752
239764
239767
239769
239769
239772
239772
239772
239772
239773
239775
239776
239777
239783
239783
239783
239787
239787
239789
239789
239792
239794
239794
239794
239794
239794
239795
239795
239796
239796
239796
239796
239796
239796
239796
239799
239801
239801
239801
239802
239802
239802
239802
239802
239806
239806
239807
239807
239809
239809
239812
239813
239813
239813
239817
239817
239817
239817
239818
239819
239820
239820
239821
239821
239823
239826
239826
239826
239826
239826
239826
239826
239826
239826
239829
239829
239832
239833
239833
239833
239833
239833
239834
239837
239839
239839
239839
239839
239844
239845
239845
239849
239849
239851
239852
239856
239856
239861
239861
239862
239863
239864
239864
239864
239865
239865
239865
239868
239868
239872
239872
239872
239873
239875
239875
239875
239877
239878
239880
239881
239881
239881
239882
239884
239884
239887
239887
239889
239889
239889
239889
239889
239893
239893
239893
239893
239893
239895
239897
239897
239897
239898
239899
239899
239899
239903
239903
239904
239907
239907
239907
239911
239918
239918
239919
239927
239927
239928
239929
239929
239929
239931
239931
239934
239935
239935
239936
239939
239940
239940
239942
239942
239942
239944
239946
239946
239946
239947
239948
239952
239952
239956
239956
239975
239991
239991
239991
239991
239991
239992
239992
240000
240000
240000
240000
240004
240007
240008
240012
240012
240015
240017
240017
240019
240019
240019
240020
240020
240022
240022
240023
240026
240030
240034
240037
240037
240037
240040
240040
240040
240041
240041
240043
240043
240046
240046
240047
240047
240051
240055
240055
240057
240057
240057
240060
240062
240064
240064
240065
240067
240067
240070
240070
240074
240084
240084
240086
240087
240091
240091
240094
240094
240094
240104
240104
240106
240106
240111
240113
240113
240113
240113
240113
240113
240113
240115
240115
240117
240124
240125
240130
240131
240135
240136
240136
240136
240136
240137
240137
240137
240137
240140
240140
240144
240144
240147
240152
240152
240152
240163
240163
240165
240165
240165
240165
240167
240170
240171
240171
240173
240173
240174
240174
240174
240179
240184
240184
240186
240186
240189
240189
240189
240196
240197
240207
240207
240207
240212
240212
240212
240213
240213
240213
240213
240220
240222
240224
240225
240226
240227
240229
240231
240235
240236
240236
240236
240240
240241
240242
240242
240243
240244
240246
240248
240248
240248
240255
240257
240260
240262
240262
240263
240270
240270
240270
240270
240270
240271
240272
240273
240276
240289
240289
240289
240289
240289
240289
240290
240291
240291
240294
240295
240295
240295
240300
240311
240312
240314
240320
240327
240328
240328
240345
240349
240349
240349
240350
240350
240357
240357
240357
240360
240362
240362
240362
240364
240364
240367
240367
240367
240367
240367
240367
240368
240369
240373
240373
240373
240376
240376
240384
240385
240385
240386
240389
240389
240390
240390
240390
240405
240406
240406
240406
240406
240406
240406
240406
240406
240420
240420
240420
240420
240420
240420
240421
240421
240421
240421
240421
240427
240439
240440
240440
240440
240440
240440
240457
240457
240457
240457
240459
240459
240459
240459
240463
240463
240463
240463
240463
240466
240481
240481
240481
240488
240488
240488
240488
240488
240488
240493
240493
240510
240510
240511
240512
240514
240514
240514
240515
240515
240515
240515
240518
240522
240522
240525
240525
240525
240525
240525
240525
240525
240527
240527
240527
240533
240533
240533
240533
240533
240533
240533
240535
240538
240539
240539
240541
240541
240541
240542
240545
240546
240551
240551
240556
240564
240569
240572
240572
240572
240572
240573
240573
240574
240574
240574
240576
240576
240576
240576
240576
240576
240576
240576
240576
240579
240579
240581
240581
240581
240582
240582
240586
240587
240587
240591
240591
240592
240594
240594
240596
240596
240596
240608
240617
240617
240617
240617
240620
240620
240625
240626
240626
240626
240628
240642
240642
240642
240646
240646
240646
240651
240651
240651
240651
240651
240651
240651
240662
240663
240663
240664
240664
240664
240667
240667
240667
240667
240667
240667
240669
240674
240674
240685
240687
240687
240696
240696
240702
240713
240713
240713
240713
240713
240721
240730
240730
240737
240739
240739
240739
240739
240739
240739
240739
240739
240739
240741
240741
240741
240741
240741
240745
240746
240746
240746
240746
240746
240746
240749
240749
240760
240762
240762
240762
240765
240765
240766
240766
240766
240766
240766
240767
240767
240767
240772
240772
240772
240772
240773
240775
240780
240780
240780
240780
240781
240783
240789
240793
240795
240795
240796
240796
240799
240799
240799
240800
240804
240808
240810
240815
240815
240815
240815
240815
240816
240816
240820
240824
240830
240830
240830
240830
240831
240831
240835
240835
240838
240841
240843
240846
240848
240867
240867
240867
240867
240868
240868
240872
240881
240881
240887
240887
240887
240887
240890
240893
240895
240895
240898
240898
240900
240903
240906
240909
240910
240910
240910
240910
240910
240910
240910
240910
240910
240910
240911
240911
240911
240916
240916
240916
240916
240917
240919
240920
240924
240924
240925
240925
240929
240930
240930
240930
240930
240931
240931
240932
240935
240939
240939
240940
240942
240942
240952
240952
240957
240957
240959
240959
240959
240959
240959
240964
240966
240968
240970
240972
240973
240975
240976
240976
240976
240976
240977
240977
240978
240980
240982
240983
240985
240995
240995
240995
240996
240999
241000
241000
241001
241006
241006
241007
241010
241016
241016
241016
241016
241016
241019
241019
241022
241022
241022
241022
241022
241022
241022
241022
241026
241026
241030
241030
241030
241030
241030
241030
241033
241038
241048
241048
241048
241053
241054
241059
241065
241065
241070
241071
241076
241077
241077
241079
241080
241080
241080
241086
241086
241086
241088
241091
241092
241093
241093
241093
241098
241098
241098
241100
241100
241102
241102
241104
241108
241108
241108
241109
241109
241109
241111
241111
241115
241115
241118
241120
241120
241120
241127
241128
241128
241128
241128
241130
241130
241134
241136
241136
241136
241139
241139
241140
241140
241140
241140
241142
241143
241143
241143
241151
241154
241154
241156
241156
241159
241159
241161
241162
241162
241162
241166
241166
241167
241167
241171
241178
241178
241179
241179
241180
241183
241187
241187
241190
241190
241190
241190
241190
241190
241190
241190
241190
241191
241192
241195
241195
241199
241199
241203
241215
241215
241216
241217
241219
241220
241220
241221
241225
241225
241225
241227
241227
241227
241228
241228
241228
241230
241230
241231
241234
241235
241235
241236
241240
241243
241244
241247
241247
241248
241249
241250
241256
241257
241257
241258
241266
241271
241272
241274
241275
241276
241278
241279
241279
241283
241284
241286
241291
241295
241295
241295
241296
241296
241296
241298
241298
241298
241298
241299
241304
241304
241304
241304
241304
241304
241304
241304
241307
241307
241307
241307
241308
241308
241308
241308
241310
241311
241312
241312
241312
241312
241320
241323
241325
241325
241325
241326
241326
241326
241326
241326
241330
241330
241330
241331
241331
241331
241340
241340
241340
241340
241340
241341
241341
241341
241341
241341
241341
241341
241344
241344
241344
241344
241344
241344
241345
241346
241347
241349
241360
241360
241363
241364
241364
241364
241364
241364
241364
241365
241368
241368
241368
241368
241372
241374
241377
241377
241380
241392
241395
241397
241402
241402
241408
241408
241408
241408
241419
241419
241425
241426
241426
241428
241431
241433
241433
241433
241433
241433
241433
241433
241435
241435
241436
241436
241439
241439
241440
241440
241440
241446
241451
241455
241457
241459
241463
241469
241469
241469
241469
241471
241474
241485
241486
241487
241487
241487
241487
241490
241490
241490
241490
241490
241493
241493
241493
241493
241493
241493
241495
241495
241497
241507
241511
241511
241511
241512
241512
241512
241512
241515
241515
241517
241519
241522
241528
241528
241530
241530
241530
241530
241530
241532
241532
241537
241538
241538
241538
241538
241538
241538
241539
241539
241539
241539
241539
241539
241544
241545
241548
241555
241559
241559
241559
241559
241560
241560
241560
241560
241560
241562
241563
241564
241564
241564
241564
241568
241568
241571
241571
241579
241580
241580
241583
241591
241595
241595
241601
241601
241601
241607
241607
241611
241627
241650
241658
241658
241658
241658
241663
241666
241666
241666
241666
241666
241667
241667
241670
241670
241674
241675
241675
241678
241679
241684
241685
241685
241685
241687
241704
241706
241706
241711
241711
241711
241712
241717
241717
241720
241721
241726
241726
241729
241730
241732
241736
241737
241737
241740
241741
241743
241747
241752
241752
241753
241757
241757
241758
241764
241768
241768
241768
241768
241768
241768
241769
241769
241769
241769
241771
241771
241771
241775
241780
241781
241781
241781
241786
241786
241788
241790
241792
241796
241797
241797
241803
241803
241814
241819
241822
241835
241836
241836
241836
241836
241837
241841
241842
241843
241843
241845
241846
241847
241848
241848
241850
241852
241852
241863
241864
241865
241865
241865
241865
241865
241865
241870
241871
241871
241871
241872
241874
241874
241875
241885
241885
241887
241887
241887
241888
241891
241891
241891
241891
241892
241900
241900
241901
241903
241904
241905
241905
241942
241949
241949
241951
241951
241957
241957
241960
241961
241961
241961
241966
241968
241970
241970
241979
241979
241980
241983
241983
241993
241995
241995
241995
242000
242005
242006
242006
242010
242010
242010
242010
242014
242018
242018
242021
242025
242025
242027
242028
242034
242040
242042
242049
242051
242061
242061
242062
242064
242064
242066
242066
242067
242071
242071
242078
242082
242082
242082
242086
242086
242086
242091
242091
242091
242092
242096
242098
242099
242100
242101
242103
242105
242105
242105
242106
242108
242109
242112
242114
242116
242121
242122
242123
242125
242127
242133
242133
242135
242137
242137
242137
242137
242148
242148
242148
242154
242155
242155
242163
242166
242170
242170
242171
242174
242181
242181
242182
242182
242196
242196
242199
242199
242199
242206
242207
242208
242211
242221
242221
242223
242225
242225
242225
242226
242226
242230
242231
242231
242235
242235
242236
242243
242247
242248
242251
242252
242252
242254
242255
242258
242259
242262
242264
242264
242267
242273
242278
242280
242280
242282
242283
242284
242284
242284
242284
242284
242286
242287
242290
242290
242291
242296
242296
242296
242296
242296
242296
242297
242299
242299
242299
242299
242300
242303
242304
242305
242305
242305
242306
242307
242309
242310
242315
242315
242316
242316
242319
242319
242321
242321
242322
242323
242325
242325
242326
242330
242332
242335
242341
242346
242346
242346
242348
242348
242348
242348
242348
242353
242356
242356
242359
242361
242361
242362
242363
242366
242366
242368
242368
242368
242369
242370
242382
242382
242384
242389
242389
242389
242389
242389
242389
242393
242393
242425
242437
242439
242439
242439
242439
242446
242446
242458
242464
242464
242464
242469
242479
242480
242480
242512
242523
242523
242530
242537
242543
242547
242547
242551
242551
242551
242551
242552
242554
242555
242556
242556
242556
242563
242567
242567
242568
242574
242574
242574
242581
242584
242585
242587
242592
242594
242596
242597
242599
242603
242618
242618
242619
242621
242622
242623
242627
242628
242633
242633
242644
242647
242647
242647
242647
242647
242648
242648
242648
242648
242653
242654
242654
242654
242654
242654
242655
242655
242656
242663
242663
242672
242673
242678
242684
242688
242692
242692
242698
242700
242706
242706
242706
242708
242709
242709
242709
242709
242711
242711
242712
242713
242713
242713
242713
242713
242713
242715
242727
242727
242728
242728
242749
242749
242750
242750
242750
242750
242753
242755
242757
242758
242760
242763
242763
242763
242767
242773
242776
242779
242781
242781
242782
242783
242784
242786
242786
242788
242791
242791
242791
242792
242795
242799
242799
242799
242800
242801
242801
242803
242803
242803
242804
242805
242818
242819
242825
242825
242825
242828
242829
242829
242829
242829
242829
242829
242829
242851
242851
242854
242854
242854
242854
242854
242865
242865
242865
242866
242867
242878
242886
242887
242891
242899
242899
242899
242903
242913
242913
242915
242915
242919
242924
242930
242945
242945
242947
242950
242953
242960
242968
242971
242975
242975
242977
242987
242987
242987
242988
242988
242988
243003
243004
243004
243005
243008
243008
243013
243014
243034
243035
243035
243040
243041
243041
243046
243050
243051
243052
243052
243052
243052
243052
243056
243056
243056
243058
243058
243058
243058
243061
243061
243061
243061
243063
243067
243071
243074
243080
243081
243081
243083
243084
243090
243096
243096
243096
243099
243099
243099
243102
243104
243108
243118
243118
243118
243118
243118
243136
243136
243136
243136
243137
243137
243137
243137
243143
243146
243152
243152
243152
243153
243153
243153
243153
243155
243161
243163
243164
243164
243164
243164
243180
243181
243181
243181
243181
243183
243184
243184
243185
243189
243192
243206
243218
243218
243218
243220
243224
243227
243235
243241
243243
243247
243250
243252
243252
243254
243258
243258
243263
243273
243273
243274
243274
243276
243276
243279
243284
243296
243297
243298
243301
243301
243302
243302
243304
243304
243305
243306
243308
243310
243323
243324
243327
243335
243335
243339
243346
243346
243346
243347
243357
243357
243362
243363
243366
243366
243370
243371
243371
243371
243377
243380
243383
243384
243384
243384
243384
243384
243388
243391
243395
243395
243396
243398
243398
243418
243422
243426
243434
243448
243451
243456
243474
243474
243480
243480
243487
243497
243497
243503
243503
243504
243504
243510
243510
243510
243510
243517
243521
243521
243521
243521
243524
243525
243525
243526
243527
243527
243529
243533
243538
243538
243538
243538
243545
243556
243556
243560
243564
243566
243566
243568
243568
243584
243588
243590
243590
243592
243592
243593
243593
243597
243597
243600
243601
243604
243604
243605
243607
243609
243610
243610
243610
243610
243613
243616
243616
243620
243624
243627
243627
243627
243631
243631
243631
243633
243633
243633
243643
243650
243651
243656
243663
243663
243666
243666
243666
243666
243666
243667
243670
243674
243674
243675
243675
243675
243675
243678
243680
243685
243691
243691
243699
243699
243699
243699
243705
243705
243709
243712
243712
243712
243720
243720
243730
243731
243736
243737
243739
243739
243739
243739
243746
243752
243752
243752
243761
243761
243763
243764
243764
243765
243770
243774
243779
243779
243783
243786
243787
243787
243795
243801
243801
243801
243801
243804
243808
243808
243809
243810
243810
243815
243817
243819
243820
243820
243826
243827
243830
243833
243833
243835
243835
243835
243843
243846
243847
243851
243851
243855
243858
243858
243863
243867
243871
243874
243874
243874
243875
243877
243877
243877
243881
243883
243884
243887
243899
243900
243901
243906
243906
243907
243907
243908
243908
243908
243909
243914
243914
243921
243922
243922
243925
243925
243925
243928
243929
243929
243935
243935
243937
243937
243946
243946
243946
243949
243949
243949
243949
243949
243949
243949
243949
243950
243951
243952
243952
243952
243952
243954
243962
243963
243963
243963
243968
243968
243972
243975
243975
243976
243978
243979
243981
243981
243984
243989
243990
243990
243995
243995
243997
243997
243997
243998
244000
244000
244000
244000
244000
244008
244008
244013
244014
244015
244016
244019
244019
244019
244019
244024
244024
244024
244024
244026
244030
244032
244034
244037
244043
244045
244051
244051
244051
244052
244053
244053
244055
244056
244056
244057
244059
244062
244062
244063
244067
244069
244070
244076
244078
244080
244081
244081
244081
244081
244081
244084
244086
244090
244090
244090
244091
244091
244091
244091
244092
244092
244092
244094
244094
244104
244107
244107
244109
244109
244110
244110
244110
244112
244113
244113
244115
244116
244116
244123
244124
244128
244128
244132
244132
244132
244135
244136
244142
244142
244142
244143
244145
244150
244155
244161
244163
244175
244178
244182
244182
244182
244182
244182
244182
244182
244191
244191
244195
244195
244195
244196
244199
244199
244199
244208
244208
244219
244224
244224
244224
244226
244226
244240
244244
244244
244247
244248
244250
244250
244252
244254
244254
244254
244255
244255
244259
244260
244260
244265
244273
244280
244282
244282
244285
244288
244288
244288
244288
244291
244300
244300
244304
244321
244327
244329
244330
244331
244332
244332
244337
244337
244342
244344
244344
244346
244347
244348
244349
244349
244349
244360
244363
244366
244367
244368
244372
244374
244379
244381
244381
244387
244387
244389
244391
244392
244393
244394
244394
244394
244396
244397
244399
244399
244399
244399
244399
244399
244399
244404
244406
244407
244408
244411
244411
244415
244417
244417
244417
244418
244422
244425
244425
244431
244433
244433
244434
244435
244436
244437
244437
244461
244462
244465
244465
244484
244485
244485
244485
244485
244485
244486
244486
244486
244486
244496
244496
244507
244508
244509
244519
244519
244560
244560
244560
244560
244561
244561
244561
244561
244561
244561
244561
244561
244561
244561
244561
244561
244561
244561
244561
244566
244566
244566
244568
244568
244568
244569
244569
244569
244569
244569
244569
244569
244569
244569
244569
244569
244569
244569
244569
244569
244570
244575
244576
244579
244582
244583
244583
244584
244584
244590
244602
244602
244607
244607
244607
244607
244613
244613
244614
244614
244614
244614
244614
244614
244614
244623
244624
244624
244624
244626
244626
244626
244626
244626
244626
244626
244628
244628
244628
244628
244643
244643
244643
244644
244644
244647
244651
244651
244651
244655
244658
244671
244671
244671
244675
244675
244675
244684
244684
244684
244694
244699
244699
244700
244700
244700
244700
244701
244703
244708
244711
244711
244716
244716
244716
244716
244734
244734
244734
244734
244738
244740
244744
244745
244745
244745
244747
244749
244754
244754
244763
244764
244770
244770
244770
244778
244778
244784
244795
244795
244795
244817
244817
244836
244836
244848
244848
244850
244850
244852
244854
244869
244870
244870
244870
244877
244879
244880
244880
244884
244884
244897
244897
244897
244901
244913
244913
244921
244921
244921
244921
244928
244928
244928
244928
244928
244928
244929
244933
244934
244938
244940
244941
244943
244950
244950
244952
244952
244952
244957
244959
244960
244962
244964
244965
244967
244968
244970
244972
244976
244981
244986
244986
244987
244987
244989
244991
244991
244991
244991
244995
244995
245210
245263
245277
245284
245301
245370
245385
245390
245465
245477
245572
245683
245797
245811
245891
245911
246010
246025
246040
246131
246205
246284
246311
246330
246339
246356
246458
246473
246485
246564
246570
246633
246633
246685
246693
246693
246700
246726
246726
246726
246728
246732
246732
246904
246910
246924
246931
246938
246953
246967
246967
246973
246979
246985
246992
246997
247066
247066
247066
247094
247094
247094
247095
247099
247177
247187
247353
247353
247364
247592
247604
247671
247730
247763
247792
247801
247812
247898
247913
247913
247919
247999
248010
248025
248059
248112
248125
248139
248151
248218
248231
248260
248300
248552
248679
248692
248704
248725
248754
248814
248884
248952
248986
249031
249114
249114
249144
249152
249186
249192
249212
249254
249254
249352
249372
249500
249500
249506
249531
249786
249786
249786
249834
249835
249845
249862
249930
249947
249977
250193
250193
250315
250321
250328
250422
250426
251139
251185
251194
251194
251199
251208
251208
251213
251441
251446
251454
251470
251470
251482
251482
251494
251514
251515
251548
251548
251554
251558
251566
251581
251581
251732
251739
251747
251972
251985
252093
252093
252104
252127
252127
252127
252128
252136
252419
252428
252429
252433
252440
252440
252454
252456
252460
252466
252473
252647
252647
252667
253040
253053
253053
253053
253061
253061
253207
254319
254341
254341
254341
255027
255027
255034
255041
255041
255047
255047
255054
255054
255060
255067
255072
255081
255081
255088
255088
255094
255094
255139
255147
255147
255153
255159
255167
255167
255173
255179
255186
255192
255200
255206
255212
255220
255235
255235
255236
255353
255944
255944
255944
255958
255958
256380
256380
256380
256380
256413
256413
256413
256413
256420
256420
256420
256420
256433
256433
256433
256433
256440
256440
256440
256441
256453
256453
256453
256453
256473
256473
256473
256474
256481
256481
256481
256481
256486
256486
256486
256487
256491
256491
256491
256491
256497
256497
256497
256497
256504
256504
256504
256504
256509
256509
256510
256511
256513
256513
256514
256514
256552
256552
256552
256552
256559
256559
256559
256559
256565
256565
256567
256572
256574
256578
256586
256587
256591
256597
256604
256613
256684
256691
256700
256773
256773
256773
256773
256781
256781
256781
256783
256786
256800
256800
256805
256820
256820
256826
256826
256833
256833
256838
256847
256847
256866
256866
256871
256879
256879
256886
256886
256890
256898
256907
256908
256917
256917
256954
256954
256954
256954
256959
256959
256959
256970
257004
257004
257004
257004
257013
257013
257013
257013
257017
257017
257024
257063
257063
257063
257064
257074
257074
257074
257151
257260
257260
257260
257260
257266
257267
257324
257332
257346
257346
257346
257352
257357
257367
257379
257398
257420
257420
257420
257420
257426
257426
257432
257439
257439
257445
257451
257460
257460
257465
257479
257479
257493
257493
257505
257517
257524
257537
257553
257553
257567
257579
257632
257728
257728
257739
257739
257745
257752
257752
257759
257759
257764
257785
257785
257785
257785
257792
257804
257804
257804
257804
257806
257813
257813
257819
257832
257832
257832
257847
257848
257860
257860
257864
257873
257873
257893
257894
257894
257894
257907
257907
257907
257907
257920
257920
257926
257945
257945
257945
257965
257965
257972
257984
257984
258061
258065
258126
258127
258132
258163
258164
258164
258184
258184
258184
258184
258210
258210
258211
258211
258218
258234
258234
258234
258260
258260
258311
258311
258311
258311
258326
258326
258326
258326
258332
258332
258332
258333
258339
258339
258386
258406
258406
258414
258414
258454
258454
258454
258463
258505
258505
258505
258505
258521
258521
258521
258521
258538
258538
258538
258539
258546
258546
258546
258565
258565
258577
258584
258606
258606
258606
258607
258632
258632
258632
258632
258645
258645
258645
258645
258670
258670
258670
258670
258679
258679
258679
258679
258701
258701
258701
258701
258717
258717
258717
258746
258746
258747
258747
258771
258771
258771
258771
258784
258784
258784
258793
258801
258818
258846
258846
258847
258848
258860
258860
258861
258878
258878
258890
258890
258900
258900
258905
258911
258925
258930
258939
258943
258955
258958
258965
258984
258993
258993
258997
259007
259007
259051
259051
259051
259051
259053
259059
259059
259067
259068
259073
259073
259078
259086
259086
259094
259094
259107
259107
259113
259119
259126
259127
259133
259134
259138
259199
259199
259209
259217
259224
259230
259259
259265
259308
259308
259308
259309
259330
259330
259330
259330
259352
259400
259400
259400
259401
259436
259436
259437
259437
259453
259453
259453
259453
259473
259473
259473
259473
259501
259501
259501
259501
259515
259515
259515
259515
259521
259521
259521
259521
259539
259539
259539
259539
259552
259552
259552
259552
259566
259566
259566
259570
259584
259584
259584
259592
259599
259599
259605
259613
259619
259619
259623
259638
259638
259650
259658
259663
259671
259686
259690
259697
259704
259712
259724
259730
259738
259764
259764
259773
259773
259779
259792
259792
259792
259803
259803
259811
259811
259831
259837
259846
259854
259858
259864
259878
259886
259932
259943
259953
259953
259959
259984
259984
259984
260000
260000
260003
260007
260007
260015
260019
260019
260026
260027
260027
260031
260035
260043
260049
260056
260061
260061
260062
260065
260069
260069
260072
260075
260081
260084
260085
260085
260099
260099
260099
260099
260099
260099
260099
260108
260112
260112
260112
260118
260118
260118
260118
260118
260132
260132
260135
260135
260139
260156
260156
260156
260159
260163
260167
260171
260184
260184
260184
260184
260184
260184
260199
260199
260199
260203
260203
260204
260215
260221
260221
260222
260222
260232
260232
260232
260239
260242
260244
260251
260251
260255
260259
260259
260259
260268
260268
260268
260268
260280
260280
260280
260283
260283
260283
260283
260288
260288
260288
260288
260291
260295
260296
260296
260296
260296
260299
260299
260303
260303
260308
260308
260308
260308
260310
260317
260319
260323
260323
260325
260326
260327
260327
260332
260334
260336
260340
260353
260354
260364
260367
260383
260385
260392
260392
260399
260399
260399
260399
260407
260407
260407
260420
260420
260420
260425
260427
260427
260451
260457
260457
260457
260459
260463
260464
260464
260470
260470
260470
260470
260472
260478
260478
260482
260482
260482
260485
260485
260489
260493
260497
260498
260499
260503
260503
260507
260507
260512
260512
260512
260518
260523
260531
260535
260535
260548
260548
260548
260548
260554
260556
260560
260567
260567
260578
260580
260580
260580
260580
260580
260580
260582
260583
260583
260584
260584
260584
260585
260595
260600
260600
260600
260603
260603
260607
260608
260608
260610
260611
260612
260616
260616
260616
260618
260619
260620
260620
260625
260626
260627
260627
260627
260627
260627
260627
260631
260632
260635
260636
260636
260639
260640
260641
260641
260643
260644
260644
260651
260655
260655
260656
260656
260656
260659
260663
260664
260664
260667
260668
260671
260672
260675
260675
260679
260679
260683
260684
260684
260687
260691
260693
260693
260693
260693
260693
260694
260694
260694
260694
260697
260697
260697
260697
260697
260699
260699
260699
260702
260703
260704
260706
260707
260711
260714
260714
260715
260715
260716
260723
260724
260729
260729
260729
260729
260729
260729
260730
260730
260731
260731
260733
260733
260733
260733
260735
260740
260746
260746
260746
260746
260746
260747
260747
260747
260747
260747
260747
260747
260747
260747
260747
260747
260747
260751
260756
260756
260756
260760
260760
260760
260760
260760
260763
260771
260775
260775
260785
260788
260788
260791
260796
260796
260796
260796
260803
260803
260803
260803
260803
260820
260820
260820
260826
260826
260831
260831
260845
260845
260852
260852
260852
260852
260873
260873
260873
260873
260876
260876
260876
260876
260876
260879
260905
260912
260912
260912
260912
260912
260913
260913
260919
260922
260922
260924
260924
260925
260938
260938
260938
260938
260938
260938
260943
260943
260945
260945
260948
260948
260948
260948
260948
260948
260948
260954
260956
260962
260964
260964
260964
260964
260964
260964
260964
260964
260964
260964
260966
260966
260967
260968
260972
260973
260973
260973
260973
260976
260976
260981
260984
260984
260987
260988
260991
260993
260997
260997
260997
260997
260997
260997
260997
260999
261001
261001
261004
261004
261005
261005
261005
261005
261013
261013
261016
261016
261016
261017
261017
261017
261017
261019
261019
261024
261024
261024
261026
261026
261026
261026
261026
261026
261028
261028
261029
261029
261029
261037
261037
261038
261040
261041
261042
261042
261043
261043
261043
261043
261043
261043
261045
261047
261047
261048
261049
261049
261049
261051
261052
261053
261055
261057
261059
261059
261064
261064
261071
261072
261074
261075
261076
261076
261076
261076
261077
261083
261083
261083
261088
261089
261091
261091
261091
261091
261095
261095
261095
261096
261096
261096
261096
261100
261100
261100
261100
261100
261102
261105
261105
261108
261109
261110
261110
261110
261110
261116
261116
261116
261117
261118
261118
261118
261119
261120
261123
261123
261123
261123
261125
261129
261129
261129
261133
261134
261136
261139
261142
261142
261143
261158
261158
261158
261158
261158
261158
261161
261161
261161
261162
261162
261162
261162
261162
261164
261173
261173
261176
261176
261176
261183
261183
261185
261185
261185
261185
261185
261185
261186
261188
261188
261190
261192
261195
261197
261199
261201
261201
261203
261203
261207
261212
261216
261216
261219
261221
261224
261224
261224
261227
261227
261227
261227
261229
261229
261229
261231
261231
261231
261237
261237
261237
261237
261238
261238
261238
261238
261238
261238
261238
261238
261238
261238
261238
261238
261239
261243
261243
261244
261247
261252
261252
261252
261255
261255
261258
261259
261259
261260
261260
261260
261260
261263
261265
261265
261265
261265
261265
261265
261265
261265
261271
261271
261279
261283
261283
261284
261285
261285
261287
261287
261287
261288
261291
261291
261292
261292
261292
261294
261294
261294
261294
261295
261297
261297
261297
261297
261297
261297
261298
261298
261298
261298
261298
261307
261307
261307
261307
261311
261311
261311
261312
261312
261315
261315
261316
261316
261316
261331
261335
261335
261336
261339
261348
261348
261348
261351
261354
261354
261355
261359
261359
261359
261362
261367
261372
261379
261383
261383
261384
261391
261396
261397
261403
261403
261406
261409
261409
261411
261412
261412
261416
261416
261416
261418
261421
261424
261424
261426
261427
261429
261429
261430
261435
261437
261437
261437
261437
261437
261440
261440
261443
261443
261448
261448
261448
261450
261450
261450
261450
261450
261450
261450
261450
261450
261450
261450
261450
261452
261458
261463
261467
261468
261468
261475
261475
261476
261479
261483
261487
261492
261492
261503
261503
261505
261507
261508
261532
261532
261539
261544
261545
261545
261545
261547
261548
261548
261556
261556
261556
261560
261560
261560
261560
261560
261560
261564
261564
261564
261570
261570
261570
261570
261570
261570
261570
261570
261570
261570
261570
261570
261570
261570
261570
261570
261570
261570
261570
261570
261570
261570
261570
261570
261570
261571
261571
261571
261571
261571
261571
261571
261571
261571
261572
261572
261572
261572
261573
261573
261573
261575
261575
261579
261580
261580
261580
261580
261581
261582
261583
261583
261583
261590
261590
261590
261590
261590
261591
261595
261596
261596
261600
261600
261602
261602
261602
261602
261602
261602
261604
261604
261607
261610
261610
261611
261614
261616
261617
261617
261617
261617
261617
261618
261620
261621
261621
261621
261621
261623
261623
261623
261623
261623
261623
261628
261633
261634
261634
261635
261635
261635
261635
261635
261638
261646
261646
261646
261647
261647
261647
261656
261656
261656
261659
261660
261660
261660
261660
261661
261667
261671
261671
261671
261671
261671
261674
261674
261674
261680
261680
261680
261680
261680
261681
261681
261686
261688
261688
261689
261691
261691
261692
261693
261693
261694
261694
261694
261694
261694
261699
261699
261699
261701
261701
261701
261711
261711
261712
261716
261717
261730
261730
261730
261730
261731
261737
261737
261738
261738
261738
261738
261739
261739
261741
261741
261741
261743
261743
261743
261748
261748
261749
261751
261751
261751
261751
261751
261759
261759
261761
261761
261761
261761
261764
261764
261766
261766
261768
261768
261769
261769
261774
261774
261774
261774
261781
261781
261781
261781
261781
261788
261791
261791
261791
261791
261796
261796
261799
261800
261800
261800
261800
261801
261803
261804
261804
261807
261810
261811
261811
261816
261816
261816
261819
261821
261821
261821
261821
261821
261821
261821
261821
261821
261835
261836
261836
261839
261839
261840
261840
261840
261840
261840
261840
261840
261840
261840
261841
261847
261851
261853
261853
261853
261853
261853
261855
261855
261859
261859
261860
261865
261869
261872
261872
261872
261872
261872
261872
261873
261875
261875
261875
261879
261879
261881
261881
261881
261883
261885
261888
261890
261890
261890
261892
261892
261892
261892
261892
261900
261910
261910
261912
261912
261920
261929
261929
261929
261929
261929
261929
261929
261941
261941
261941
261941
261942
261944
261944
261944
261944
261961
261961
261961
261961
261962
261966
261966
261999
261999
262000
262000
262005
262011
262011
262011
262011
262020
262021
262030
262030
262030
262036
262038
262038
262038
262038
262038
262041
262041
262041
262041
262041
262052
262052
262052
262052
262052
262060
262060
262060
262060
262071
262071
262071
262074
262086
262087
262090
262093
262095
262100
262101
262108
262108
262109
262123
262123
262140
262140
262140
262141
262141
262141
262143
262155
262170
262204
262215
262215
262251
262258
262275
262277
262284
262300
262300
262300
262300
262300
262301
262301
262316
262316
262316
262330
262330
262337
262350
262373
262374
262389
262389
262389
262400
262403
262410
262411
262417
262422
262427
262429
262429
262429
262429
262434
262448
262448
262454
262454
262454
262454
262460
262460
262460
262465
262468
262469
262491
262491
262491
262491
262491
262491
262491
262491
262494
262495
262500
262509
262509
262509
262509
262516
262516
262518
262518
262529
262529
262529
262529
262529
262529
262536
262547
262548
262548
262548
262548
262550
262560
262571
262571
262571
262571
262576
262580
262580
262580
262581
262586
262593
262600
262602
262612
262612
262612
262612
262612
262612
262612
262612
262616
262620
262620
262620
262628
262633
262633
262634
262639
262640
262640
262640
262640
262640
262640
262640
262640
262642
262642
262642
262642
262642
262650
262650
262650
262652
262667
262681
262681
262681
262681
262681
262681
262685
262685
262688
262688
262692
262694
262700
262705
262712
262719
262719
262720
262726
262726
262726
262726
262731
262731
262734
262739
262739
262739
262739
262745
262750
262750
262756
262756
262760
262765
262782
262790
262806
262810
262813
262821
262824
262824
262824
262824
262831
262831
262832
262832
262832
262833
262837
262840
262844
262873
262873
262874
262874
262874
262874
262879
262884
262884
262884
262890
262890
262890
262894
262908
262908
262908
262908
262908
262914
262920
262921
262921
262922
262922
262926
262940
262940
262948
262948
262949
262949
262955
262955
262955
262960
262971
262982
262996
262996
263008
263008
263008
263008
263008
263023
263026
263039
263039
263100
263100
263101
263110
263120
263148
263148
263148
263148
263151
263151
263151
263151
263156
263161
263161
263161
263161
263183
263183
263185
263186
263186
263190
263195
263201
263201
263211
263211
263211
263211
263220
263227
263233
263238
263245
263250
263255
263255
263257
263271
263271
263271
263281
263281
263281
263281
263284
263284
263284
263295
263307
263316
263317
263317
263317
263317
263318
263318
263318
263318
263318
263318
263320
263331
263334
263334
263334
263335
263338
263338
263338
263338
263343
263343
263343
263345
263351
263351
263351
263353
263353
263363
263369
263369
263376
263379
263398
263398
263398
263398
263398
263412
263412
263417
263417
263417
263417
263420
263426
263430
263431
263431
263431
263432
263432
263432
263435
263435
263439
263439
263440
263440
263442
263445
263449
263456
263456
263459
263461
263461
263461
263461
263461
263461
263461
263461
263461
263473
263476
263476
263476
263476
263476
263480
263480
263480
263480
263481
263481
263481
263481
263482
263482
263482
263482
263482
263482
263482
263485
263485
263485
263485
263485
263485
263485
263485
263485
263488
263488
263488
263488
263491
263496
263496
263499
263505
263505
263511
263511
263511
263512
263512
263512
263512
263512
263512
263519
263519
263520
263531
263531
263536
263536
263542
263542
263542
263542
263542
263546
263546
263546
263546
263552
263552
263552
263552
263557
263557
263557
263557
263557
263557
263557
263567
263567
263567
263567
263569
263569
263569
263569
263569
263569
263569
263569
263569
263569
263569
263569
263569
263573
263577
263577
263577
263577
263577
263577
263577
263577
263577
263577
263578
263588
263588
263591
263591
263592
263592
263592
263592
263592
263592
263592
263593
263593
263595
263596
263596
263598
263600
263600
263600
263600
263601
263601
263604
263609
263610
263610
263610
263614
263614
263614
263615
263617
263617
263617
263619
263630
263630
263633
263633
263633
263640
263640
263640
263640
263646
263646
263646
263646
263649
263650
263654
263654
263654
263654
263654
263654
263654
263654
263654
263655
263656
263656
263676
263676
263677
263677
263677
263680
263682
263682
263682
263685
263687
263687
263687
263687
263687
263687
263688
263688
263688
263688
263692
263692
263701
263703
263707
263707
263708
263708
263708
263708
263708
263709
263709
263711
263711
263712
263712
263712
263719
263720
263727
263727
263728
263728
263728
263728
263728
263728
263728
263728
263728
263730
263730
263730
263735
263736
263736
263743
263744
263744
263748
263748
263748
263749
263749
263749
263749
263749
263749
263749
263749
263750
263750
263750
263750
263750
263750
263750
263750
263750
263751
263751
263758
263758
263758
263758
263771
263771
263771
263781
263781
263781
263782
263782
263789
263789
263789
263789
263789
263789
263790
263790
263790
263790
263790
263790
263801
263801
263801
263801
263817
263817
263818
263818
263818
263820
263820
263820
263820
263820
263820
263827
263827
263827
263827
263830
263831
263831
263834
263838
263838
263838
263838
263841
263841
263846
263846
263850
263851
263851
263851
263852
263856
263861
263861
263861
263865
263870
263873
263873
263873
263873
263873
263880
263881
263883
263886
263886
263893
263900
263900
263901
263901
263901
263905
263909
263909
263909
263910
263915
263916
263916
263920
263921
263921
263921
263921
263923
263927
263928
263928
263928
263931
263931
263931
263940
263940
263940
263942
263951
263951
263951
263952
263952
263956
263959
263959
263965
263970
263970
263972
263972
263972
263972
263975
263975
263975
263976
263976
263976
263976
263976
263981
263981
263983
263985
263985
263991
263991
263993
263993
263993
263995
263997
263997
263999
264000
264001
264003
264003
264007
264010
264012
264012
264012
264012
264012
264012
264013
264015
264019
264020
264021
264021
264021
264023
264026
264026
264026
264026
264029
264032
264032
264032
264035
264037
264039
264040
264048
264049
264049
264049
264049
264049
264049
264051
264051
264052
264061
264061
264062
264062
264062
264062
264062
264062
264066
264066
264066
264080
264080
264083
264083
264085
264085
264086
264086
264091
264095
264095
264096
264099
264103
264112
264112
264112
264112
264113
264113
264113
264119
264119
264119
264119
264122
264123
264125
264131
264131
264131
264135
264135
264140
264140
264140
264140
264145
264145
264148
264149
264152
264152
264156
264156
264160
264161
264162
264168
264169
264169
264175
264176
264181
264181
264181
264181
264183
264183
264183
264184
264184
264190
264201
264201
264201
264201
264207
264212
264216
264218
264218
264221
264223
264223
264229
264232
264235
264240
264241
264241
264241
264247
264249
264249
264251
264251
264254
264259
264263
264263
264268
264268
264268
264269
264271
264280
264280
264282
264283
264283
264284
264284
264287
264290
264291
264291
264295
264296
264298
264299
264299
264302
264310
264311
264314
264320
264323
264330
264330
264335
264338
264338
264338
264338
264338
264338
264338
264342
264351
264355
264359
264359
264363
264367
264370
264370
264370
264370
264370
264371
264378
264378
264378
264384
264384
264384
264384
264385
264387
264389
264389
264391
264391
264395
264397
264399
264399
264399
264403
264410
264415
264418
264419
264423
264423
264426
264428
264430
264439
264439
264439
264439
264439
264439
264440
264443
264447
264450
264452
264455
264460
264460
264463
264467
264470
264470
264470
264471
264475
264481
264482
264488
264488
264491
264501
264501
264501
264501
264501
264501
264501
264502
264502
264502
264502
264502
264502
264502
264502
264502
264503
264503
264503
264504
264507
264507
264509
264509
264514
264519
264520
264520
264530
264530
264531
264531
264531
264531
264531
264536
264540
264545
264545
264545
264547
264550
264551
264557
264563
264570
264570
264570
264579
264580
264583
264587
264588
264594
264615
264615
264616
264620
264620
264623
264627
264630
264630
264630
264634
264637
264637
264638
264643
264646
264652
264652
264652
264652
264652
264652
264656
264665
264685
264688
264688
264688
264692
264692
264700
264700
264701
264701
264701
264701
264701
264706
264708
264711
264712
264715
264716
264717
264721
264725
264725
264727
264731
264735
264735
264739
264739
264747
264748
264760
264760
264760
264760
264760
264760
264760
264761
264761
264761
264761
264761
264762
264764
264765
264766
264766
264767
264767
264768
264771
264775
264778
264787
264791
264792
264795
264796
264802
264802
264824
264824
264824
264831
264831
264847
264848
264850
264853
264856
264856
264862
264867
264875
264883
264883
264883
264883
264883
264883
264883
264883
264884
264887
264892
264895
264898
264901
264901
264903
264905
264907
264910
264911
264914
264915
264918
264919
264923
264935
264936
264936
264936
264943
264943
264948
264948
264951
264955
264959
264959
264963
264963
264964
264972
264972
264972
264972
264972
264972
264974
264986
264991
264991
265018
265022
265035
265068
265082
265089
265111
265117
265170
265223
265235
265282
265288
265323
265409
265426
265445
265473
265473
265488
265557
265650
265717
265734
265745
265935
265960
265969
266001
266043
266051
266097
266101
266137
266348
266428
266475
266488
266528
266535
266549
266565
266575
266634
266675
266715
266739
266752
266770
266807
266830
266841
266889
266904
266949
266988
267002
267068
267101
267219
267221
267261
267274
267294
267328
267334
267368
267406
267428
267440
267463
267509
267535
267573
267661
267699
267701
267722
267801
267801
267808
267815
267877
267935
267988
268051
268114
268174
268201
268241
268281
268345
268349
268362
268381
268389
268402
268415
268441
268455
268481
268495
268507
268602
268615
268647
268678
268692
268705
268759
268759
268832
268895
268922
268935
268949
268973
268981
269008
269028
269050
269055
269075
269129
269148
269211
269230
269230
269344
269397
269495
269523
269542
269562
269595
269648
269743
269767
269785
269800
269824
269824
269865
269865
269955
269956
269973
275371
275010
275010
275010
275011
275017
275017
275017
275029
275068
275076
275118
275120
275138
275138
275143
275151
275152
275159
275159
275162
275243
275243
275249
275301
275309
275340
275404
275404
275417
275614
275622
275710
275710
275715
275731
275762
275770
275881
275881
275881
275928
276027
276028
276030
276030
276044
276073
276073
276073
276074
276086
276086
276087
276090
276184
276184
276216
276224
276224
276238
276263
276303
276308
276316
276328
276336
276497
276497
276515
276522
276529
276536
276551
276607
276615
276623
276656
276658
276691
276691
276691
276692
276702
276810
276858
276858
276871
276904
276904
277125
277125
277125
277126
277130
277130
277130
277130
277132
277223
277223
277230
277241
277330
277423
277443
277443
277443
277463
277484
277484
277503
277504
277515
277515
277532
277532
277548
277548
277576
277594
277602
277608
277615
277627
277642
277730
277730
277795
277802
277810
277816
277888
277896
277902
277974
277982
278035
278076
278095
278095
278138
278138
278152
278183
278196
278241
278241
278355
278363
278496
278521
278528
278538
278549
278556
278563
278577
278577
278583
278595
278602
278609
278624
278624
278630
278630
278636
278644
278644
278650
278657
278657
278678
278678
278679
278683
278697
278701
278725
278725
278725
278725
278730
278730
278736
278758
278758
278758
278760
278790
278790
278790
278792
278810
278810
278810
278810
278823
278823
278823
278823
278845
278845
278845
278845
278850
278850
278850
278850
278871
278871
278871
278872
278876
278930
278930
278930
278930
278963
278963
278963
278963
278970
278970
278970
278970
278996
278996
278997
278997
279009
279009
279009
279011
279065
279065
279066
279066
279078
279078
279078
279079
279103
279103
279103
279103
279157
279157
279157
279157
279163
279163
279163
279163
279172
279172
279172
279172
279181
279181
279181
279183
279191
279191
279196
279208
279215
279230
279230
279231
279237
279237
279243
279243
279249
279256
279256
279263
279268
279276
279563
279577
279577
279578
279590
279625
279625
279625
279625
279651
279670
279670
279712
279712
279712
279713
279718
279718
279746
279756
279756
279757
279778
279779
279802
279802
279802
279802
279812
279812
279852
279852
279852
279853
279865
279865
279866
279866
279871
279871
279885
279890
279936
279946
279946
279950
279957
279965
279972
279972
279976
279982
279991
280017
280017
280128
280134
280154
280195
280233
280241
280254
280274
280330
280330
280330
280384
280384
280402
280414
280449
280449
280494
280503
280507
280515
280529
280561
280568
280587
280594
280609
280750
280764
280791
280800
280812
280824
280838
280850
280897
280911
280989
281064
281118
281126
281157
281170
281197
281204
281219
281224
281266
281271
281278
281285
281298
281306
281326
281341
281342
281346
281351
281374
281374
281374
281378
281387
281393
281398
281435
281435
281440
281451
281464
281472
281486
281493
281531
281544
281551
281566
281578
281682
281747
281748
281759
281832
281837
281864
281880
281898
281917
281931
281968
281978
281987
282025
282039
282051
282086
282091
282098
282104
282111
282118
282180
282194
282205
282211
282220
282234
282234
282241
282241
282245
282263
282263
282286
282338
282377
282398
282433
282433
282499
282527
282539
282539
282553
282554
282621
282622
282632
282646
282692
282699
282727
282728
282728
282729
282733
282734
282745
282745
282771
282823
282823
282841
282841
282851
282875
282879
282886
282892
282931
282947
282981
282981
282992
283040
283111
283111
283113
283125
283125
283134
283146
283189
283189
283190
283194
283209
283209
283241
283285
283302
283304
283320
283320
283344
283344
283344
283345
283356
283356
283366
283388
283389
283402
283482
283482
283486
283493
283498
283512
283519
283526
283533
283555
283584
283704
283715
283718
283730
283737
283753
283791
283798
283804
283980
283980
283980
284000
284001
284001
284022
284035
284080
284091
284118
284139
284158
284158
284165
284181
284181
284213
284231
284231
284231
284231
284372
284418
284418
284418
284420
284428
284428
284428
284428
284615
284616
284845
284874
284951
284965
284991
285007
285007
285011
285011
285011
285022
285023
285024
285024
285024
285024
285024
285024
285024
285024
285027
285028
285028
285028
285028
285028
285034
285036
285036
285036
285040
285040
285041
285041
285041
285041
285041
285041
285048
285048
285048
285051
285051
285051
285051
285052
285052
285052
285052
285052
285056
285056
285056
285057
285057
285060
285060
285061
285061
285066
285066
285071
285071
285074
285074
285079
285079
285079
285080
285080
285081
285081
285081
285082
285083
285083
285085
285086
285087
285091
285095
285095
285095
285095
285098
285100
285100
285100
285101
285101
285102
285102
285106
285106
285108
285108
285109
285109
285110
285110
285110
285112
285115
285115
285115
285117
285118
285118
285120
285120
285121
285122
285122
285124
285125
285126
285127
285128
285128
285128
285128
285128
285129
285132
285133
285134
285134
285134
285135
285137
285138
285138
285138
285138
285139
285140
285141
285141
285143
285149
285151
285151
285154
285154
285160
285160
285160
285160
285160
285160
285161
285161
285161
285164
285164
285169
285169
285169
285169
285169
285169
285169
285169
285171
285172
285172
285172
285172
285177
285177
285179
285181
285182
285183
285183
285186
285186
285186
285188
285190
285191
285194
285195
285195
285196
285197
285197
285197
285198
285198
285201
285203
285203
285203
285203
285203
285203
285203
285203
285204
285204
285204
285204
285210
285210
285212
285212
285212
285212
285212
285212
285212
285217
285217
285217
285218
285219
285219
285219
285219
285223
285223
285224
285226
285227
285227
285231
285231
285232
285235
285235
285235
285236
285236
285236
285236
285238
285238
285249
285249
285249
285249
285249
285249
285249
285249
285249
285250
285250
285251
285252
285253
285253
285253
285253
285256
285256
285256
285256
285256
285258
285258
285259
285259
285259
285261
285263
285266
285266
285267
285272
285278
285278
285278
285278
285278
285284
285284
285287
285292
285292
285294
285294
285294
285299
285299
285302
285303
285303
285304
285306
285306
285306
285308
285308
285308
285308
285308
285308
285310
285310
285313
285313
285313
285313
285315
285316
285319
285320
285323
285323
285324
285328
285331
285331
285331
285331
285333
285335
285337
285338
285338
285343
285345
285345
285345
285345
285345
285346
285346
285346
285346
285346
285347
285347
285347
285351
285351
285351
285354
285355
285356
285367
285367
285367
285367
285369
285369
285369
285369
285370
285371
285375
285376
285376
285376
285379
285379
285380
285380
285380
285381
285381
285382
285382
285383
285383
285391
285395
285395
285396
285397
285405
285407
285407
285407
285407
285407
285408
285409
285410
285410
285412
285412
285412
285412
285412
285414
285414
285414
285417
285417
285418
285419
285419
285420
285423
285423
285425
285431
285431
285435
285435
285438
285438
285438
285442
285442
285442
285442
285445
285446
285446
285446
285447
285447
285447
285448
285449
285449
285449
285452
285455
285458
285460
285460
285463
285465
285472
285472
285472
285472
285472
285472
285472
285472
285472
285475
285475
285475
285475
285475
285475
285476
285476
285476
285476
285476
285478
285481
285481
285484
285484
285484
285484
285484
285491
285496
285496
285499
285499
285499
285500
285500
285500
285500
285502
285502
285502
285502
285502
285502
285503
285504
285504
285507
285510
285510
285510
285512
285513
285514
285516
285516
285519
285519
285528
285529
285530
285530
285531
285532
285532
285536
285536
285540
285540
285540
285543
285543
285545
285545
285545
285545
285545
285545
285547
285551
285551
285551
285551
285556
285557
285557
285557
285561
285561
285561
285561
285561
285565
285565
285565
285565
285565
285567
285567
285568
285568
285568
285568
285569
285569
285569
285570
285570
285572
285572
285572
285572
285572
285576
285576
285576
285579
285579
285580
285582
285583
285583
285583
285587
285587
285589
285589
285589
285589
285589
285589
285589
285589
285591
285599
285600
285603
285607
285609
285610
285611
285612
285612
285615
285615
285615
285618
285621
285626
285628
285628
285628
285628
285629
285629
285629
285629
285629
285630
285630
285634
285634
285635
285640
285640
285640
285643
285643
285647
285649
285650
285651
285651
285651
285652
285653
285653
285655
285655
285658
285659
285659
285661
285661
285662
285663
285663
285664
285664
285668
285668
285668
285668
285668
285669
285671
285671
285671
285672
285672
285672
285672
285676
285680
285680
285683
285687
285687
285687
285687
285687
285696
285698
285698
285698
285701
285701
285701
285701
285701
285701
285701
285702
285702
285705
285705
285707
285707
285707
285708
285708
285710
285712
285717
285717
285718
285718
285718
285718
285718
285718
285721
285721
285721
285724
285724
285727
285728
285733
285734
285734
285735
285736
285737
285738
285739
285739
285741
285741
285741
285743
285746
285750
285750
285751
285751
285751
285755
285755
285755
285756
285756
285757
285762
285763
285763
285763
285764
285766
285768
285768
285770
285770
285771
285773
285773
285776
285776
285777
285779
285781
285781
285781
285787
285787
285787
285787
285787
285787
285787
285787
285787
285788
285788
285788
285791
285792
285794
285796
285796
285797
285799
285799
285801
285808
285808
285808
285808
285808
285809
285809
285809
285809
285809
285810
285811
285812
285816
285820
285822
285822
285823
285823
285823
285824
285826
285827
285830
285830
285830
285830
285830
285830
285832
285834
285838
285839
285839
285839
285842
285843
285843
285844
285847
285847
285848
285851
285851
285851
285851
285851
285854
285854
285856
285856
285856
285860
285860
285860
285861
285861
285861
285863
285868
285868
285868
285868
285868
285869
285875
285875
285875
285876
285876
285878
285879
285881
285881
285881
285882
285883
285887
285887
285887
285887
285890
285891
285891
285894
285895
285895
285898
285899
285899
285899
285899
285904
285910
285911
285914
285915
285915
285916
285916
285917
285917
285917
285919
285920
285920
285920
285923
285925
285925
285925
285925
285925
285927
285928
285928
285931
285931
285931
285933
285933
285933
285933
285933
285935
285939
285940
285940
285940
285940
285940
285943
285948
285948
285948
285948
285948
285951
285961
285961
285961
285961
285967
285972
285972
285972
285972
285972
285975
285977
285987
285991
285991
285994
285994
285996
285996
285999
286000
286000
286001
286001
286001
286003
286005
286005
286005
286008
286009
286009
286009
286009
286011
286014
286014
286014
286016
286016
286016
286020
286024
286024
286027
286027
286027
286027
286034
286034
286034
286034
286034
286034
286036
286036
286040
286040
286040
286040
286040
286040
286041
286041
286041
286044
286044
286051
286061
286061
286061
286061
286061
286061
286061
286062
286062
286063
286063
286070
286070
286070
286070
286073
286073
286074
286075
286075
286075
286075
286075
286075
286076
286077
286077
286079
286080
286080
286083
286088
286089
286090
286090
286091
286099
286099
286099
286099
286099
286099
286099
286100
286102
286103
286106
286106
286106
286106
286111
286111
286111
286111
286111
286111
286111
286111
286111
286114
286116
286116
286116
286116
286125
286125
286126
286128
286128
286128
286128
286129
286129
286129
286129
286130
286130
286130
286130
286130
286130
286131
286132
286135
286136
286137
286138
286138
286138
286140
286140
286142
286142
286145
286145
286146
286150
286156
286156
286156
286156
286157
286157
286157
286157
286157
286157
286157
286159
286167
286170
286170
286172
286178
286178
286180
286180
286188
286190
286191
286191
286191
286191
286191
286191
286191
286191
286191
286191
286191
286191
286191
286191
286191
286191
286191
286191
286191
286191
286191
286191
286191
286196
286196
286196
286196
286198
286208
286210
286210
286214
286214
286217
286229
286230
286230
286230
286231
286231
286231
286231
286231
286232
286232
286234
286234
286234
286234
286236
286236
286238
286245
286245
286247
286248
286248
286250
286250
286253
286254
286256
286260
286266
286266
286266
286266
286271
286271
286273
286273
286273
286279
286286
286286
286291
286291
286291
286291
286292
286292
286294
286294
286296
286297
286302
286303
286308
286308
286311
286311
286311
286312
286312
286316
286317
286320
286330
286330
286339
286339
286339
286341
286341
286341
286342
286342
286347
286347
286350
286350
286354
286357
286366
286368
286368
286368
286368
286368
286368
286371
286371
286372
286374
286375
286378
286380
286381
286383
286383
286383
286384
286384
286385
286385
286385
286385
286385
286385
286385
286385
286385
286387
286390
286391
286391
286398
286400
286400
286401
286403
286405
286406
286408
286408
286409
286409
286409
286409
286409
286409
286409
286409
286409
286410
286411
286414
286416
286416
286418
286420
286426
286428
286429
286433
286435
286435
286436
286436
286436
286437
286438
286439
286440
286451
286452
286452
286456
286458
286458
286459
286459
286461
286461
286462
286467
286467
286470
286470
286470
286470
286470
286470
286470
286474
286474
286474
286475
286476
286479
286491
286498
286498
286498
286501
286501
286503
286505
286505
286505
286508
286509
286509
286509
286509
286510
286510
286510
286510
286510
286510
286511
286512
286512
286512
286512
286512
286515
286515
286515
286516
286516
286519
286520
286523
286533
286533
286533
286533
286533
286533
286533
286535
286535
286536
286536
286537
286537
286537
286537
286539
286539
286540
286540
286541
286541
286541
286544
286544
286545
286545
286545
286545
286545
286545
286545
286545
286545
286545
286545
286545
286554
286555
286555
286556
286556
286556
286563
286563
286570
286571
286571
286571
286573
286579
286580
286580
286580
286580
286581
286588
286588
286588
286588
286588
286588
286588
286588
286589
286589
286591
286591
286592
286592
286592
286592
286592
286595
286595
286596
286598
286598
286599
286606
286606
286607
286607
286607
286607
286611
286611
286611
286611
286612
286612
286615
286615
286615
286615
286615
286615
286615
286620
286622
286624
286624
286624
286624
286624
286624
286624
286624
286624
286625
286626
286628
286630
286631
286633
286633
286633
286633
286633
286633
286633
286635
286637
286638
286640
286641
286642
286642
286642
286642
286642
286642
286642
286643
286643
286643
286643
286643
286643
286643
286643
286643
286643
286643
286651
286651
286651
286651
286651
286654
286659
286659
286659
286664
286664
286664
286664
286664
286665
286665
286665
286665
286665
286665
286665
286665
286665
286665
286665
286665
286665
286665
286666
286667
286667
286667
286667
286670
286670
286670
286675
286675
286675
286676
286682
286682
286682
286682
286682
286684
286684
286684
286692
286692
286693
286694
286694
286694
286694
286697
286698
286698
286698
286699
286699
286701
286701
286701
286702
286702
286702
286702
286704
286710
286710
286710
286710
286711
286712
286714
286714
286715
286716
286719
286719
286719
286719
286719
286723
286725
286726
286733
286733
286733
286733
286734
286734
286735
286736
286736
286737
286737
286737
286740
286740
286740
286741
286742
286746
286746
286746
286746
286746
286746
286747
286747
286754
286754
286754
286754
286754
286754
286759
286761
286761
286761
286761
286763
286763
286763
286763
286763
286763
286763
286766
286778
286778
286778
286778
286781
286781
286781
286783
286783
286783
286783
286783
286783
286783
286783
286788
286788
286788
286789
286789
286789
286790
286790
286796
286796
286796
286800
286800
286802
286804
286804
286806
286806
286808
286812
286812
286816
286816
286819
286824
286824
286827
286828
286828
286830
286834
286844
286845
286851
286851
286852
286852
286852
286852
286852
286852
286854
286856
286856
286857
286857
286859
286862
286863
286863
286866
286866
286866
286866
286867
286869
286869
286869
286871
286871
286871
286876
286876
286877
286877
286877
286877
286880
286881
286881
286881
286882
286882
286882
286887
286887
286887
286890
286890
286890
286892
286892
286892
286894
286894
286894
286896
286896
286898
286898
286899
286900
286900
286903
286904
286904
286911
286917
286923
286928
286928
286928
286930
286937
286937
286937
286937
286939
286939
286940
286940
286940
286944
286944
286947
286947
286952
286952
286952
286954
286954
286954
286954
286954
286955
286955
286955
286955
286955
286957
286957
286959
286962
286967
286967
286967
286970
286970
286974
286974
286975
286977
286977
286980
286980
286982
286992
286998
287001
287001
287001
287001
287001
287001
287007
287010
287011
287019
287019
287019
287019
287019
287020
287020
287020
287020
287020
287020
287020
287020
287020
287020
287023
287024
287024
287024
287024
287024
287024
287024
287024
287025
287028
287030
287030
287032
287033
287039
287041
287041
287042
287043
287045
287046
287046
287046
287046
287046
287046
287049
287049
287050
287050
287052
287053
287055
287056
287056
287059
287059
287059
287060
287064
287069
287071
287073
287074
287076
287076
287076
287077
287078
287078
287078
287078
287079
287080
287082
287083
287088
287088
287090
287092
287092
287092
287093
287095
287096
287096
287100
287100
287101
287103
287105
287105
287105
287105
287108
287108
287109
287111
287116
287116
287116
287120
287120
287124
287124
287129
287129
287129
287129
287130
287130
287136
287136
287137
287137
287138
287138
287142
287143
287146
287146
287146
287148
287149
287155
287155
287155
287155
287155
287155
287157
287157
287157
287157
287157
287158
287158
287160
287161
287161
287161
287164
287164
287164
287168
287168
287168
287171
287171
287171
287171
287171
287171
287171
287171
287176
287176
287177
287179
287179
287180
287184
287184
287184
287190
287190
287190
287190
287190
287190
287190
287194
287195
287195
287199
287199
287203
287203
287211
287211
287211
287211
287211
287211
287211
287214
287214
287215
287215
287215
287215
287215
287215
287215
287215
287215
287215
287215
287215
287215
287215
287215
287218
287218
287219
287219
287219
287220
287220
287220
287221
287221
287221
287221
287227
287227
287231
287234
287235
287240
287240
287240
287240
287243
287246
287247
287248
287248
287248
287248
287248
287248
287252
287252
287256
287256
287256
287258
287258
287270
287270
287270
287270
287270
287271
287271
287273
287273
287273
287276
287276
287281
287287
287287
287288
287288
287288
287288
287288
287288
287289
287289
287290
287290
287290
287291
287294
287294
287301
287302
287302
287305
287305
287305
287305
287308
287308
287308
287308
287311
287315
287326
287328
287334
287340
287340
287342
287343
287348
287348
287351
287355
287359
287361
287362
287363
287375
287375
287375
287375
287382
287389
287393
287396
287396
287397
287398
287398
287398
287398
287398
287398
287398
287398
287398
287398
287398
287398
287398
287398
287398
287398
287398
287398
287398
287398
287398
287398
287398
287409
287409
287409
287409
287409
287409
287411
287417
287418
287418
287418
287419
287421
287421
287421
287421
287423
287426
287427
287431
287431
287435
287435
287436
287436
287440
287450
287451
287451
287451
287451
287451
287451
287453
287459
287459
287459
287459
287460
287460
287465
287468
287468
287475
287480
287480
287484
287485
287487
287488
287491
287496
287496
287499
287500
287503
287511
287515
287515
287515
287519
287519
287522
287527
287527
287530
287532
287540
287540
287549
287549
287549
287556
287556
287560
287560
287560
287560
287565
287565
287565
287576
287576
287576
287576
287580
287580
287581
287584
287584
287588
287588
287588
287588
287591
287591
287592
287593
287595
287595
287595
287595
287595
287595
287596
287599
287599
287599
287604
287605
287617
287617
287619
287619
287619
287620
287620
287621
287621
287621
287621
287624
287624
287624
287624
287627
287630
287630
287638
287638
287638
287639
287639
287639
287640
287648
287648
287648
287649
287649
287649
287651
287656
287656
287656
287657
287660
287660
287660
287660
287660
287660
287660
287663
287663
287664
287664
287664
287664
287669
287669
287669
287670
287670
287670
287670
287670
287670
287671
287671
287672
287673
287675
287676
287677
287677
287678
287679
287679
287679
287680
287680
287683
287684
287684
287684
287684
287686
287688
287688
287693
287693
287695
287696
287696
287698
287700
287701
287702
287702
287702
287703
287704
287707
287708
287711
287712
287715
287716
287719
287721
287725
287725
287732
287732
287732
287733
287734
287735
287736
287736
287740
287748
287752
287753
287754
287757
287757
287761
287761
287769
287776
287780
287784
287788
287791
287792
287793
287804
287809
287810
287810
287813
287813
287814
287817
287817
287817
287817
287817
287817
287817
287817
287829
287832
287832
287833
287833
287833
287833
287833
287833
287834
287835
287839
287839
287840
287843
287843
287847
287847
287850
287855
287855
287855
287861
287861
287862
287862
287862
287863
287864
287888
287888
287888
287889
287892
287892
287892
287896
287906
287915
287919
287919
287920
287920
287920
287924
287932
287932
287934
287939
287939
287939
287955
287955
287966
287966
287968
287968
287968
287969
287969
287969
287973
287978
287978
287979
287980
287981
287983
287986
287987
287988
287988
287988
287990
287991
287992
287992
287993
287997
287999
287999
287999
288000
288000
288000
288005
288006
288007
288013
288014
288014
288014
288020
288021
288021
288021
288022
288022
288022
288022
288022
288022
288023
288024
288024
288026
288027
288028
288028
288028
288028
288030
288033
288034
288035
288035
288035
288036
288039
288044
288044
288044
288044
288044
288047
288052
288052
288058
288059
288060
288060
288060
288060
288079
288079
288080
288080
288080
288080
288080
288080
288081
288086
288090
288090
288090
288090
288090
288090
288090
288091
288091
288093
288095
288096
288096
288099
288099
288100
288100
288106
288112
288116
288121
288121
288125
288127
288129
288130
288130
288134
288136
288140
288146
288150
288153
288154
288157
288157
288157
288158
288168
288172
288173
288176
288176
288179
288180
288184
288186
288186
288187
288188
288188
288188
288189
288192
288194
288199
288199
288199
288199
288201
288202
288202
288202
288202
288204
288206
288208
288210
288210
288214
288214
288215
288215
288219
288220
288221
288223
288224
288225
288227
288229
288235
288239
288239
288239
288242
288242
288243
288245
288245
288245
288248
288257
288260
288265
288265
288265
288268
288268
288278
288284
288284
288285
288288
288289
288290
288296
288300
288302
288308
288315
288321
288321
288321
288321
288325
288336
288340
288342
288346
288346
288352
288359
288359
288359
288359
288359
288359
288373
288373
288381
288382
288382
288382
288382
288385
288387
288390
288401
288401
288401
288404
288404
288420
288447
288447
288448
288454
288454
288455
288460
288467
288467
288467
288467
288468
288468
288468
288468
288468
288468
288468
288468
288468
288468
288474
288478
288478
288480
288486
288488
288493
288497
288497
288502
288502
288505
288515
288515
288526
288526
288527
288532
288532
288538
288540
288552
288552
288553
288555
288557
288557
288559
288560
288563
288565
288566
288570
288570
288570
288570
288570
288570
288570
288576
288582
288582
288592
288595
288595
288595
288596
288597
288598
288599
288600
288609
288610
288610
288610
288610
288615
288616
288619
288619
288620
288624
288624
288626
288627
288629
288630
288634
288635
288639
288640
288640
288643
288643
288644
288647
288647
288650
288651
288656
288656
288657
288660
288660
288663
288671
288671
288678
288678
288679
288686
288689
288690
288690
288690
288696
288698
288698
288698
288699
288701
288710
288710
288710
288713
288713
288719
288719
288719
288719
288734
288735
288736
288736
288737
288737
288737
288737
288737
288737
288737
288737
288737
288737
288738
288738
288738
288738
288740
288741
288743
288743
288743
288744
288748
288748
288748
288749
288749
288749
288749
288755
288758
288758
288758
288759
288759
288759
288760
288761
288769
288776
288776
288776
288776
288777
288783
288783
288783
288791
288791
288791
288791
288791
288791
288791
288791
288791
288791
288795
288798
288798
288798
288799
288805
288805
288806
288808
288808
288808
288808
288817
288817
288817
288817
288821
288821
288823
288827
288827
288827
288829
288835
288835
288835
288835
288835
288838
288838
288838
288838
288838
288839
288851
288851
288852
288852
288852
288852
288852
288859
288863
288864
288864
288867
288867
288871
288878
288878
288878
288878
288878
288878
288878
288878
288879
288879
288880
288887
288888
288888
288888
288888
288888
288889
288889
288889
288889
288889
288889
288891
288891
288891
288891
288891
288900
288900
288900
288909
288911
288911
288920
288920
288922
288923
288924
288926
288929
288930
288931
288934
288934
288935
288939
288941
288941
288941
288941
288941
288941
288941
288941
288952
288952
288955
288957
288961
288961
288970
288971
288973
288978
288978
288978
288978
288979
288979
288979
288980
288981
288981
288981
288981
288983
288983
288986
288986
288987
288993
288994
288996
288996
288996
288996
288996
289009
289014
289018
289020
289020
289021
289021
289022
289022
289026
289026
289030
289030
289030
289035
289046
289047
289047
289047
289047
289047
289050
289050
289055
289055
289055
289055
289055
289055
289060
289062
289062
289063
289063
289071
289071
289071
289073
289073
289073
289073
289075
289076
289084
289084
289087
289087
289092
289100
289101
289101
289101
289101
289102
289104
289105
289105
289106
289106
289108
289127
289127
289127
289128
289128
289131
289131
289131
289131
289133
289133
289135
289135
289137
289138
289138
289139
289150
289151
289151
289155
289155
289155
289155
289155
289155
289156
289158
289159
289159
289159
289159
289159
289160
289163
289163
289166
289166
289166
289166
289166
289166
289167
289170
289175
289175
289175
289177
289179
289179
289179
289179
289179
289179
289182
289182
289185
289185
289190
289191
289191
289191
289193
289194
289199
289199
289199
289200
289202
289206
289210
289214
289214
289218
289218
289226
289226
289230
289231
289231
289231
289231
289231
289231
289231
289231
289234
289234
289239
289239
289239
289240
289242
289242
289244
289247
289249
289251
289251
289253
289255
289255
289256
289257
289261
289261
289262
289265
289266
289266
289268
289268
289268
289268
289274
289275
289281
289281
289281
289285
289286
289286
289288
289292
289293
289294
289294
289295
289296
289296
289299
289300
289300
289304
289306
289307
289309
289312
289314
289315
289316
289319
289320
289320
289324
289326
289327
289327
289328
289329
289330
289334
289337
289337
289337
289337
289339
289339
289339
289341
289341
289342
289344
289345
289346
289350
289356
289357
289358
289358
289358
289358
289359
289361
289362
289362
289364
289365
289367
289369
289370
289372
289374
289375
289375
289382
289382
289382
289382
289382
289385
289385
289386
289387
289387
289390
289390
289391
289393
289394
289395
289398
289400
289402
289402
289404
289404
289408
289408
289408
289409
289410
289410
289410
289410
289410
289410
289411
289423
289423
289425
289425
289430
289430
289432
289438
289441
289441
289443
289445
289451
289451
289452
289452
289454
289454
289455
289456
289458
289458
289459
289462
289466
289467
289471
289471
289474
289475
289475
289475
289479
289479
289480
289483
289483
289485
289487
289490
289490
289499
289499
289504
289504
289504
289510
289511
289514
289514
289518
289519
289519
289521
289522
289522
289527
289527
289528
289528
289528
289532
289534
289534
289535
289536
289538
289538
289540
289543
289546
289549
289550
289551
289553
289554
289561
289561
289561
289563
289564
289564
289564
289564
289565
289567
289567
289568
289571
289571
289571
289572
289572
289574
289575
289577
289579
289579
289580
289580
289584
289584
289585
289586
289586
289588
289588
289588
289590
289591
289593
289595
289596
289598
289599
289600
289602
289609
289609
289609
289609
289609
289612
289612
289615
289615
289615
289615
289616
289616
289618
289618
289620
289620
289624
289624
289624
289627
289627
289627
289627
289631
289631
289632
289637
289637
289643
289647
289647
289647
289655
289658
289659
289661
289661
289663
289663
289663
289664
289671
289671
289675
289675
289675
289679
289680
289683
289683
289685
289685
289685
289687
289687
289691
289691
289697
289698
289701
289701
289708
289710
289710
289710
289711
289711
289714
289721
289721
289722
289724
289724
289724
289724
289726
289726
289727
289727
289729
289729
289729
289729
289729
289729
289729
289730
289730
289731
289731
289731
289731
289731
289733
289733
289739
289739
289739
289742
289742
289742
289742
289742
289742
289749
289749
289751
289751
289751
289751
289751
289752
289755
289755
289755
289755
289756
289760
289761
289764
289765
289766
289766
289768
289768
289771
289771
289771
289783
289783
289783
289784
289784
289785
289785
289786
289786
289790
289790
289790
289792
289796
289796
289796
289796
289806
289806
289808
289808
289808
289808
289811
289811
289811
289811
289811
289812
289812
289812
289813
289815
289820
289821
289821
289822
289824
289826
289826
289826
289828
289828
289831
289831
289831
289831
289833
289834
289834
289834
289834
289838
289838
289841
289842
289842
289848
289852
289853
289856
289856
289857
289857
289861
289861
289866
289870
289870
289872
289875
289880
289884
289885
289885
289885
289886
289886
289890
289890
289891
289891
289893
289894
289894
289894
289894
289897
289897
289897
289897
289897
289898
289898
289900
289900
289902
289902
289902
289905
289908
289908
289908
289908
289909
289912
289914
289915
289915
289916
289916
289916
289920
289922
289922
289924
289924
289924
289924
289932
289934
289937
289938
289938
289938
289938
289938
289938
289938
289938
289938
289938
289938
289941
289941
289941
289941
289941
289941
289944
289944
289944
289947
289947
289950
289954
289954
289958
289959
289961
289961
289964
289967
289967
289967
289967
289967
289968
289970
289973
289977
289977
289979
289979
289979
289983
289983
289988
289988
289993
289993
289995
289999
290005
290018
290024
290038
290051
290058
290063
290070
290085
290085
290139
290139
290139
290139
290424
290537
290538
290538
290555
290555
290580
290591
290615
290655
290655
290671
290715
290955
290957
291148
291148
291148
291149
291154
291154
291154
291154
291166
291166
291166
291166
291171
291171
291192
291196
291210
291237
291237
291250
291256
291271
291289
291310
291333
291378
291383
291414
291414
291443
292069
292095
292457
292469
292476
292490
292505
292509
292526
292536
292544
292557
292576
292582
292605
292609
292623
292636
292658
292669
292682
292699
292709
292722
292737
292742
292764
292769
292789
292795
292811
292811
292818
292856
292856
292857
292857
292892
292892
292892
292892
292903
292916
292929
292955
292968
292976
292982
292989
293008
293008
293023
293029
293036
293043
293051
293056
293090
293090
293091
293097
293109
293116
293123
293130
293136
293151
293152
293169
293189
293209
293249
293356
293375
293396
293410
293422
293442
293457
293678
293678
293691
293735
293752
293752
293752
293753
293779
293780
293788
293796
293802
293816
293828
293836
293849
293862
293877
293882
293961
293982
294030
294047
294047
294056
294075
294082
294117
294117
294117
294135
294148
294172
294172
294184
294190
294209
294225
294249
294249
294271
294271
294289
294303
294318
294322
294344
294344
294355
294363
294371
294371
294375
294382
294389
294396
294411
294411
294489
294504
294523
294538
294538
294551
294551
294562
294584
294584
294584
294596
294601
294609
294622
294629
294636
294650
294661
294684
294684
294684
294693
294743
294743
294756
294771
294771
294786
294789
294828
294828
294828
294864
294864
294864
294898
294898
294898
294899
294921
294977
294982
294996
295004
295005
295006
295007
295007
295008
295011
295012
295013
295013
295018
295018
295020
295021
295021
295024
295025
295025
295042
295042
295042
295042
295044
295044
295044
295044
295046
295046
295046
295046
295049
295049
295053
295053
295056
295056
295056
295058
295061
295062
295062
295062
295062
295062
295063
295068
295068
295068
295073
295073
295082
295082
295082
295082
295082
295082
295082
295082
295082
295082
295083
295083
295084
295084
295085
295085
295088
295088
295088
295089
295089
295089
295091
295096
295098
295098
295098
295098
295098
295099
295099
295099
295099
295104
295106
295107
295109
295109
295113
295113
295117
295117
295124
295124
295125
295126
295130
295134
295136
295137
295142
295144
295144
295157
295157
295157
295158
295158
295159
295159
295160
295160
295160
295160
295163
295164
295168
295169
295172
295172
295173
295173
295173
295173
295173
295173
295173
295173
295173
295173
295173
295173
295173
295173
295173
295173
295175
295175
295179
295181
295181
295183
295183
295184
295185
295185
295185
295186
295187
295187
295187
295188
295188
295189
295189
295189
295189
295192
295192
295193
295193
295194
295194
295194
295194
295194
295194
295194
295194
295194
295194
295195
295196
295196
295197
295197
295197
295198
295198
295201
295202
295203
295204
295206
295206
295206
295209
295212
295212
295212
295212
295213
295213
295213
295215
295216
295216
295216
295217
295217
295217
295219
295219
295219
295219
295220
295220
295220
295220
295220
295221
295221
295222
295222
295222
295227
295232
295232
295236
295237
295238
295239
295241
295241
295242
295243
295247
295248
295248
295248
295248
295248
295248
295248
295248
295252
295253
295255
295258
295258
295260
295260
295260
295260
295260
295260
295260
295262
295262
295262
295262
295263
295263
295265
295265
295265
295265
295266
295266
295267
295268
295268
295271
295274
295274
295274
295275
295275
295275
295279
295279
295283
295283
295284
295284
295285
295285
295287
295288
295288
295288
295293
295293
295293
295297
295297
295298
295298
295298
295300
295300
295304
295304
295306
295308
295313
295313
295313
295313
295313
295313
295313
295313
295314
295314
295314
295314
295315
295316
295316
295316
295319
295322
295322
295322
295322
295323
295323
295323
295324
295324
295328
295328
295332
295332
295336
295336
295336
295340
295340
295340
295345
295345
295347
295347
295348
295349
295349
295351
295355
295357
295357
295357
295357
295371
295371
295371
295371
295371
295371
295371
295372
295375
295377
295377
295377
295378
295379
295382
295385
295386
295387
295390
295394
295394
295395
295395
295398
295398
295401
295403
295406
295408
295408
295408
295409
295416
295419
295420
295424
295424
295426
295428
295428
295428
295441
295441
295441
295441
295441
295441
295445
295446
295446
295449
295449
295449
295449
295449
295465
295465
295465
295465
295465
295467
295473
295473
295475
295476
295484
295484
295484
295497
295499
295501
295501
295504
295507
295508
295510
295513
295513
295513
295514
295515
295520
295520
295520
295520
295520
295524
295524
295528
295529
295529
295529
295529
295533
295533
295534
295534
295534
295535
295538
295538
295538
295539
295540
295541
295550
295551
295552
295553
295553
295553
295553
295554
295554
295556
295556
295556
295558
295559
295563
295564
295566
295578
295578
295578
295578
295579
295579
295580
295583
295584
295585
295586
295586
295587
295591
295592
295595
295595
295595
295596
295608
295609
295609
295609
295611
295612
295615
295616
295617
295617
295618
295618
295618
295620
295621
295632
295634
295635
295636
295639
295640
295646
295647
295656
295657
295657
295657
295658
295658
295658
295660
295662
295662
295670
295670
295670
295670
295670
295670
295678
295678
295679
295682
295686
295688
295693
295696
295696
295696
295697
295698
295698
295698
295698
295699
295701
295701
295703
295705
295705
295708
295712
295720
295720
295723
295725
295726
295727
295728
295729
295731
295732
295732
295734
295735
295737
295738
295738
295742
295742
295746
295747
295747
295747
295748
295749
295749
295750
295756
295756
295756
295756
295756
295756
295762
295762
295764
295764
295765
295765
295768
295768
295771
295772
295778
295780
295780
295781
295781
295781
295783
295786
295787
295788
295788
295789
295790
295791
295800
295804
295806
295806
295806
295808
295809
295811
295812
295813
295813
295815
295817
295819
295821
295824
295830
295831
295831
295834
295836
295840
295842
295842
295846
295847
295847
295849
295849
295850
295854
295854
295854
295854
295854
295857
295857
295857
295859
295859
295859
295859
295866
295869
295871
295871
295871
295874
295877
295878
295878
295878
295880
295880
295884
295885
295900
295902
295902
295902
295902
295902
295904
295904
295904
295904
295904
295908
295909
295909
295909
295909
295909
295909
295909
295915
295916
295916
295916
295916
295916
295916
295916
295921
295924
295924
295924
295925
295927
295932
295933
295933
295933
295934
295936
295936
295936
295939
295939
295940
295942
295943
295945
295947
295948
295948
295951
295951
295956
295956
295957
295957
295957
295965
295965
295965
295965
295970
295970
295971
295976
295978
295978
295978
295978
295978
295978
295978
295978
295978
295978
295979
295979
295979
295979
295979
295979
295979
295979
295981
295981
295981
295981
295984
295985
295987
295987
295988
295988
295988
295988
295992
295993
295995
295995
295996
295996
295997
295999
295999
296002
296002
296003
296005
296006
296006
296006
296006
296011
296011
296012
296012
296012
296012
296012
296014
296014
296014
296015
296016
296019
296019
296020
296020
296020
296025
296030
296030
296030
296031
296031
296033
296034
296035
296035
296037
296038
296038
296038
296039
296042
296042
296047
296047
296047
296047
296048
296048
296048
296048
296048
296048
296050
296050
296050
296053
296053
296053
296053
296055
296055
296058
296058
296059
296061
296061
296064
296064
296065
296065
296065
296068
296068
296068
296068
296068
296068
296068
296068
296068
296068
296069
296069
296069
296070
296072
296072
296072
296073
296076
296080
296083
296084
296084
296084
296084
296093
296093
296093
296097
296097
296101
296101
296101
296106
296106
296106
296106
296106
296106
296107
296107
296107
296108
296108
296112
296112
296112
296113
296114
296115
296124
296124
296124
296125
296125
296126
296127
296128
296132
296133
296133
296133
296133
296134
296135
296136
296136
296136
296136
296140
296140
296143
296144
296145
296145
296145
296147
296148
296149
296149
296149
296149
296149
296149
296149
296149
296151
296151
296153
296153
296155
296156
296156
296159
296159
296161
296161
296163
296165
296165
296167
296167
296167
296167
296167
296167
296167
296169
296169
296171
296175
296176
296176
296176
296176
296179
296179
296179
296183
296187
296187
296187
296187
296187
296187
296187
296187
296187
296187
296187
296187
296188
296192
296195
296196
296196
296196
296199
296200
296200
296203
296205
296209
296212
296212
296212
296212
296212
296213
296213
296213
296213
296213
296213
296214
296214
296214
296214
296215
296216
296217
296217
296221
296221
296224
296225
296225
296229
296229
296231
296231
296231
296232
296232
296232
296232
296233
296234
296234
296235
296236
296239
296239
296240
296240
296240
296240
296240
296240
296241
296241
296241
296241
296243
296244
296244
296244
296248
296248
296252
296252
296252
296255
296256
296256
296256
296256
296260
296260
296260
296260
296263
296263
296264
296264
296264
296267
296267
296268
296271
296275
296276
296281
296281
296281
296281
296282
296282
296282
296284
296284
296284
296284
296284
296284
296284
296284
296284
296288
296288
296288
296290
296290
296290
296290
296290
296291
296291
296291
296291
296292
296292
296293
296293
296295
296296
296298
296298
296299
296299
296299
296303
296307
296308
296309
296311
296311
296316
296316
296316
296316
296320
296324
296326
296328
296328
296328
296328
296328
296328
296329
296333
296333
296333
296333
296335
296335
296340
296340
296343
296347
296347
296348
296352
296352
296354
296354
296354
296354
296356
296356
296356
296356
296357
296357
296359
296369
296369
296369
296369
296369
296369
296377
296377
296378
296378
296378
296378
296378
296380
296385
296388
296388
296388
296388
296388
296388
296388
296396
296406
296406
296409
296413
296413
296417
296417
296432
296440
296445
296445
296445
296455
296457
296457
296460
296460
296461
296463
296463
296463
296465
296465
296469
296469
296472
296473
296473
296489
296489
296489
296496
296505
296506
296507
296507
296508
296508
296509
296522
296522
296529
296529
296530
296533
296536
296537
296537
296539
296540
296540
296541
296542
296544
296548
296552
296556
296558
296565
296565
296568
296569
296571
296572
296572
296577
296577
296578
296581
296582
296582
296582
296582
296582
296582
296582
296582
296582
296583
296583
296583
296583
296583
296585
296585
296585
296585
296585
296586
296598
296599
296601
296601
296601
296601
296601
296605
296605
296606
296608
296609
296609
296614
296615
296616
296618
296619
296628
296628
296629
296637
296638
296638
296638
296646
296646
296646
296646
296646
296647
296650
296650
296653
296653
296653
296653
296653
296653
296653
296653
296654
296654
296655
296656
296656
296657
296658
296659
296662
296665
296665
296672
296677
296677
296682
296682
296684
296685
296685
296685
296685
296685
296685
296692
296692
296692
296692
296693
296694
296696
296698
296700
296701
296701
296702
296703
296704
296705
296705
296706
296708
296709
296710
296714
296714
296714
296715
296716
296717
296718
296719
296720
296722
296728
296728
296730
296730
296736
296739
296739
296739
296739
296741
296741
296741
296744
296745
296745
296747
296748
296749
296750
296751
296752
296752
296753
296753
296753
296756
296758
296759
296760
296768
296769
296769
296769
296769
296769
296769
296769
296769
296772
296773
296776
296776
296777
296781
296781
296782
296782
296782
296782
296785
296785
296785
296786
296787
296788
296788
296789
296796
296797
296797
296798
296801
296801
296801
296803
296803
296803
296804
296804
296804
296804
296804
296804
296807
296811
296811
296811
296814
296814
296814
296814
296814
296814
296814
296814
296814
296815
296820
296820
296820
296820
296820
296820
296820
296820
296820
296820
296820
296820
296820
296820
296821
296821
296821
296829
296829
296829
296832
296838
296838
296838
296838
296839
296839
296839
296839
296842
296842
296842
296842
296842
296845
296845
296845
296846
296846
296846
296846
296846
296846
296846
296846
296846
296847
296847
296847
296847
296847
296847
296847
296847
296847
296847
296848
296849
296849
296849
296852
296856
296856
296856
296856
296856
296856
296857
296857
296857
296858
296858
296858
296859
296859
296859
296861
296861
296861
296863
296867
296867
296871
296877
296877
296877
296877
296877
296880
296884
296885
296886
296887
296888
296889
296893
296893
296895
296896
296905
296909
296909
296909
296909
296909
296909
296909
296909
296909
296909
296915
296915
296919
296920
296924
296924
296924
296924
296924
296936
296936
296936
296936
296941
296941
296945
296945
296945
296945
296945
296946
296946
296950
296950
296950
296950
296951
296951
296951
296953
296953
296953
296954
296954
296954
296954
296954
296954
296957
296957
296957
296960
296963
296965
296965
296965
296974
296974
296974
296976
296977
296980
296981
296981
296989
296989
296992
296994
296994
296994
296994
296996
296998
296998
296999
296999
296999
296999
297008
297010
297010
297010
297010
297014
297014
297015
297015
297015
297015
297016
297016
297017
297020
297025
297026
297026
297026
297028
297028
297028
297033
297033
297037
297037
297046
297046
297052
297052
297053
297055
297055
297056
297056
297062
297062
297062
297062
297062
297062
297064
297064
297065
297066
297066
297067
297067
297067
297067
297067
297067
297067
297067
297068
297068
297068
297068
297068
297068
297068
297070
297070
297072
297074
297074
297074
297074
297074
297074
297075
297077
297077
297081
297081
297081
297081
297092
297092
297092
297092
297092
297092
297093
297093
297093
297096
297097
297097
297098
297100
297101
297103
297103
297103
297104
297104
297112
297117
297117
297117
297117
297120
297120
297121
297129
297133
297133
297136
297137
297137
297137
297138
297138
297138
297138
297139
297139
297139
297140
297140
297141
297143
297143
297143
297143
297144
297148
297153
297153
297156
297157
297157
297159
297159
297159
297159
297161
297161
297161
297164
297165
297168
297173
297173
297174
297176
297179
297179
297182
297183
297183
297183
297188
297188
297189
297195
297195
297195
297195
297195
297196
297196
297196
297196
297197
297197
297198
297199
297199
297199
297199
297200
297200
297201
297201
297204
297207
297212
297213
297216
297217
297218
297219
297220
297222
297224
297225
297225
297226
297226
297229
297234
297237
297237
297239
297243
297245
297247
297247
297248
297251
297261
297261
297263
297264
297265
297265
297265
297265
297265
297265
297265
297266
297267
297268
297271
297271
297272
297275
297275
297276
297276
297276
297281
297281
297281
297281
297282
297282
297284
297284
297284
297287
297288
297288
297289
297291
297291
297291
297291
297291
297293
297293
297293
297295
297295
297295
297297
297297
297299
297301
297301
297304
297305
297307
297307
297321
297321
297321
297324
297324
297325
297325
297325
297325
297325
297327
297328
297328
297331
297338
297338
297348
297353
297356
297356
297359
297359
297359
297361
297363
297363
297367
297368
297373
297375
297376
297377
297377
297377
297377
297377
297377
297377
297377
297377
297377
297379
297383
297385
297386
297387
297388
297389
297389
297389
297389
297389
297389
297389
297391
297396
297397
297397
297406
297408
297411
297411
297412
297412
297415
297416
297416
297420
297425
297425
297425
297425
297428
297428
297431
297432
297434
297434
297434
297439
297458
297460
297460
297460
297460
297462
297462
297463
297463
297469
297469
297469
297474
297482
297484
297484
297484
297484
297484
297485
297487
297489
297495
297495
297495
297495
297496
297498
297498
297498
297499
297499
297499
297499
297499
297499
297499
297499
297500
297500
297500
297501
297508
297508
297508
297510
297511
297512
297512
297512
297514
297515
297516
297517
297517
297518
297520
297520
297520
297522
297524
297524
297524
297525
297525
297525
297526
297526
297529
297531
297533
297535
297537
297537
297537
297537
297537
297539
297542
297544
297544
297544
297545
297550
297551
297553
297554
297560
297560
297560
297568
297568
297568
297573
297573
297573
297573
297573
297573
297573
297575
297576
297578
297580
297580
297580
297583
297585
297586
297586
297586
297586
297587
297587
297588
297590
297600
297600
297600
297606
297606
297606
297607
297607
297608
297609
297609
297609
297609
297609
297609
297609
297611
297620
297620
297627
297627
297627
297627
297628
297631
297633
297633
297633
297633
297633
297635
297636
297636
297636
297637
297640
297643
297643
297645
297645
297646
297646
297646
297647
297648
297648
297648
297649
297652
297653
297653
297654
297654
297654
297654
297654
297654
297655
297655
297655
297655
297655
297655
297656
297657
297657
297661
297665
297666
297666
297668
297669
297669
297671
297673
297675
297678
297678
297678
297678
297680
297680
297680
297680
297680
297681
297681
297683
297687
297688
297691
297695
297695
297695
297695
297696
297699
297699
297699
297699
297703
297705
297705
297705
297705
297707
297708
297708
297711
297714
297714
297719
297722
297722
297722
297722
297723
297725
297726
297726
297726
297726
297727
297727
297727
297729
297729
297729
297732
297732
297734
297734
297735
297735
297735
297735
297735
297735
297736
297738
297738
297741
297741
297743
297744
297744
297748
297748
297748
297750
297750
297750
297752
297753
297754
297756
297762
297762
297762
297762
297765
297767
297768
297771
297772
297773
297773
297774
297774
297775
297777
297777
297777
297778
297779
297780
297781
297785
297785
297785
297787
297791
297792
297793
297794
297795
297795
297795
297795
297797
297797
297798
297801
297801
297804
297805
297813
297813
297813
297813
297814
297814
297815
297817
297817
297817
297817
297817
297819
297821
297821
297824
297825
297825
297825
297827
297830
297830
297830
297832
297834
297834
297834
297834
297836
297836
297839
297841
297841
297841
297844
297845
297846
297848
297848
297849
297850
297850
297850
297852
297854
297854
297854
297854
297854
297856
297856
297857
297858
297858
297858
297858
297858
297858
297858
297859
297860
297861
297861
297864
297865
297865
297865
297865
297865
297866
297866
297868
297869
297869
297869
297869
297869
297872
297872
297872
297873
297877
297877
297878
297878
297881
297881
297884
297885
297887
297889
297889
297889
297893
297893
297894
297896
297897
297897
297897
297897
297897
297900
297902
297903
297904
297907
297907
297908
297908
297912
297912
297914
297916
297917
297918
297918
297918
297918
297918
297918
297919
297919
297919
297919
297920
297924
297932
297933
297933
297934
297934
297945
297945
297945
297945
297945
297945
297947
297948
297956
297956
297960
297964
297964
297964
297964
297964
297965
297965
297966
297968
297968
297968
297968
297968
297968
297973
297978
297978
297978
297978
297978
297978
297978
297979
297979
297979
297980
297980
297980
297980
297984
297984
297985
297985
297988
297991
297992
297992
297992
297992
297992
297995
298001
298001
298001
298001
298001
298001
298003
298007
298007
298007
298007
298021
298032
298033
298036
298037
298037
298037
298037
298039
298041
298044
298046
298046
298048
298048
298049
298050
298053
298053
298057
298057
298058
298058
298058
298058
298061
298061
298062
298062
298066
298066
298066
298069
298069
298072
298073
298074
298074
298074
298077
298077
298077
298078
298080
298080
298080
298080
298083
298087
298087
298087
298087
298087
298092
298092
298092
298092
298093
298093
298094
298096
298096
298096
298097
298097
298097
298103
298103
298103
298103
298106
298107
298107
298109
298112
298112
298112
298113
298114
298114
298117
298117
298119
298119
298119
298124
298124
298124
298131
298131
298131
298132
298132
298134
298137
298137
298138
298138
298139
298143
298143
298143
298143
298143
298143
298144
298144
298144
298147
298147
298147
298149
298153
298153
298153
298154
298154
298157
298157
298157
298157
298158
298158
298158
298163
298163
298163
298163
298163
298163
298163
298165
298166
298168
298168
298168
298172
298172
298173
298174
298174
298174
298174
298174
298178
298178
298179
298181
298181
298182
298183
298183
298183
298183
298183
298184
298185
298185
298187
298187
298188
298188
298188
298188
298188
298188
298188
298192
298192
298192
298193
298193
298193
298193
298193
298195
298195
298195
298195
298195
298196
298196
298196
298197
298199
298199
298199
298201
298201
298204
298205
298205
298206
298206
298206
298206
298206
298206
298209
298209
298209
298213
298213
298215
298216
298216
298217
298217
298217
298219
298221
298221
298221
298221
298221
298221
298221
298221
298221
298221
298221
298221
298224
298225
298226
298226
298228
298228
298229
298229
298229
298232
298232
298232
298232
298232
298233
298233
298235
298235
298236
298237
298237
298237
298241
298241
298244
298245
298248
298255
298259
298263
298263
298263
298268
298268
298268
298271
298271
298275
298275
298277
298278
298281
298281
298281
298284
298284
298287
298287
298287
298287
298287
298288
298292
298292
298292
298294
298294
298294
298295
298295
298296
298299
298299
298299
298299
298300
298304
298304
298304
298305
298305
298305
298308
298308
298308
298308
298308
298310
298312
298315
298315
298316
298317
298317
298319
298319
298320
298323
298323
298326
298326
298327
298327
298327
298327
298332
298332
298332
298336
298336
298336
298336
298336
298336
298336
298336
298337
298338
298346
298347
298350
298350
298353
298354
298355
298355
298355
298355
298356
298356
298356
298356
298356
298356
298356
298356
298357
298358
298359
298359
298360
298361
298364
298364
298364
298364
298365
298367
298368
298368
298370
298372
298372
298372
298372
298373
298374
298374
298374
298377
298377
298377
298378
298378
298378
298379
298380
298381
298382
298382
298385
298385
298387
298387
298387
298388
298392
298400
298402
298402
298403
298405
298405
298405
298406
298407
298415
298420
298420
298420
298420
298420
298420
298424
298424
298424
298426
298426
298427
298428
298428
298429
298431
298431
298431
298431
298432
298432
298433
298434
298435
298435
298438
298438
298438
298439
298439
298440
298440
298440
298440
298440
298441
298442
298442
298444
298446
298448
298448
298449
298451
298452
298452
298452
298452
298453
298455
298455
298457
298457
298459
298459
298463
298463
298465
298465
298465
298466
298467
298468
298474
298474
298477
298487
298487
298487
298488
298488
298489
298489
298492
298492
298495
298495
298509
298509
298509
298509
298511
298511
298517
298517
298518
298518
298518
298520
298521
298521
298523
298524
298526
298529
298529
298532
298535
298536
298537
298537
298540
298540
298540
298543
298545
298545
298547
298549
298549
298550
298552
298552
298552
298553
298553
298555
298555
298556
298557
298557
298560
298560
298561
298561
298563
298568
298568
298570
298573
298573
298576
298577
298577
298577
298588
298589
298589
298590
298590
298590
298591
298591
298597
298598
298598
298599
298602
298604
298605
298606
298606
298606
298607
298608
298614
298615
298615
298615
298615
298615
298618
298620
298624
298625
298625
298627
298629
298631
298631
298631
298641
298646
298646
298647
298657
298658
298658
298659
298659
298666
298668
298674
298674
298683
298683
298686
298686
298686
298686
298687
298688
298689
298689
298689
298698
298704
298704
298704
298704
298704
298705
298713
298716
298717
298718
298721
298721
298721
298721
298721
298721
298725
298725
298727
298727
298734
298735
298735
298736
298736
298736
298737
298740
298745
298746
298746
298746
298749
298750
298750
298751
298751
298751
298751
298752
298752
298753
298753
298765
298765
298765
298765
298765
298765
298766
298766
298767
298767
298767
298767
298767
298769
298769
298774
298774
298774
298774
298775
298775
298775
298776
298776
298776
298777
298777
298777
298777
298777
298778
298778
298778
298781
298781
298781
298783
298783
298788
298788
298791
298796
298798
298798
298803
298803
298804
298804
298804
298804
298809
298809
298809
298816
298816
298816
298816
298816
298816
298816
298816
298830
298830
298830
298832
298836
298839
298839
298839
298839
298839
298839
298840
298840
298842
298846
298846
298846
298849
298849
298849
298849
298849
298849
298849
298852
298857
298857
298857
298857
298857
298858
298858
298858
298859
298861
298861
298863
298863
298863
298865
298865
298868
298869
298869
298869
298869
298869
298869
298869
298869
298873
298873
298873
298877
298877
298877
298877
298878
298878
298878
298878
298881
298881
298881
298881
298885
298885
298885
298887
298887
298887
298888
298888
298890
298891
298891
298898
298898
298899
298901
298901
298901
298902
298902
298902
298902
298902
298902
298902
298902
298902
298903
298903
298903
298903
298903
298903
298906
298907
298909
298910
298910
298913
298919
298919
298919
298919
298924
298924
298924
298924
298924
298924
298924
298924
298927
298928
298929
298933
298933
298933
298933
298936
298940
298941
298944
298945
298945
298945
298945
298945
298945
298946
298946
298946
298946
298947
298947
298947
298947
298949
298949
298949
298949
298950
298950
298952
298952
298952
298952
298952
298952
298957
298957
298960
298960
298960
298966
298968
298969
298969
298974
298976
298982
298985
298985
298985
298986
298987
298987
298995
298996
298998
298999
299000
299003
299004
299004
299004
299005
299005
299005
299006
299007
299008
299009
299010
299012
299012
299013
299014
299016
299017
299017
299018
299018
299018
299021
299021
299022
299022
299022
299024
299025
299025
299025
299026
299026
299027
299029
299029
299029
299034
299035
299036
299039
299042
299042
299042
299042
299043
299044
299045
299045
299046
299046
299046
299046
299050
299050
299053
299053
299056
299057
299057
299062
299062
299062
299062
299063
299063
299064
299065
299068
299069
299069
299069
299071
299072
299078
299078
299081
299081
299081
299084
299085
299086
299086
299087
299088
299088
299089
299089
299091
299091
299092
299093
299094
299095
299095
299095
299095
299095
299095
299096
299097
299098
299098
299099
299099
299101
299103
299103
299103
299105
299105
299107
299108
299108
299111
299111
299111
299115
299115
299116
299117
299117
299117
299119
299124
299124
299124
299124
299126
299126
299130
299130
299132
299132
299132
299132
299132
299132
299133
299133
299133
299133
299133
299135
299135
299139
299142
299143
299143
299143
299145
299148
299148
299150
299150
299150
299150
299151
299151
299151
299154
299160
299160
299160
299160
299160
299160
299173
299173
299173
299177
299179
299180
299180
299180
299180
299180
299180
299180
299180
299184
299187
299189
299194
299194
299196
299196
299196
299201
299201
299204
299204
299208
299208
299212
299212
299212
299217
299217
299217
299217
299221
299225
299226
299226
299227
299227
299227
299227
299229
299233
299235
299235
299235
299236
299238
299239
299240
299244
299247
299247
299248
299248
299249
299254
299254
299255
299255
299255
299257
299257
299257
299260
299260
299260
299261
299262
299263
299263
299263
299263
299263
299263
299264
299264
299265
299265
299265
299266
299267
299268
299269
299270
299270
299271
299271
299272
299272
299273
299276
299277
299279
299279
299279
299288
299288
299288
299295
299295
299295
299295
299295
299295
299295
299295
299295
299295
299296
299296
299296
299296
299296
299304
299305
299305
299305
299313
299313
299313
299313
299313
299313
299317
299317
299317
299317
299317
299321
299325
299325
299326
299326
299326
299326
299327
299327
299327
299328
299328
299328
299329
299329
299332
299332
299337
299338
299338
299338
299338
299338
299338
299338
299338
299340
299340
299341
299344
299344
299347
299347
299347
299348
299348
299348
299348
299348
299348
299348
299348
299348
299350
299350
299351
299351
299351
299353
299355
299356
299358
299358
299359
299359
299359
299359
299364
299364
299364
299366
299366
299367
299367
299367
299367
299367
299367
299367
299367
299367
299367
299368
299369
299369
299374
299374
299374
299375
299375
299379
299379
299379
299379
299379
299379
299382
299382
299382
299382
299382
299383
299384
299386
299387
299388
299388
299388
299388
299388
299391
299391
299395
299395
299395
299395
299395
299396
299397
299397
299397
299399
299400
299403
299405
299405
299406
299407
299408
299408
299409
299409
299409
299412
299412
299415
299415
299415
299415
299415
299416
299416
299416
299416
299418
299418
299419
299419
299420
299420
299420
299420
299420
299423
299423
299424
299425
299426
299433
299433
299436
299438
299438
299438
299438
299438
299439
299452
299457
299457
299467
299468
299469
299469
299472
299473
299473
299473
299475
299476
299477
299477
299477
299477
299477
299477
299478
299478
299478
299478
299481
299484
299485
299485
299488
299488
299488
299488
299488
299488
299488
299492
299493
299493
299493
299493
299493
299493
299494
299494
299496
299496
299496
299498
299498
299499
299499
299499
299499
299500
299500
299502
299502
299504
299504
299504
299506
299508
299512
299514
299516
299517
299529
299529
299529
299536
299536
299539
299546
299546
299546
299546
299546
299547
299547
299551
299552
299554
299555
299555
299558
299561
299562
299563
299563
299565
299566
299569
299573
299575
299577
299578
299581
299583
299583
299583
299583
299585
299586
299592
299594
299596
299605
299606
299607
299612
299612
299612
299615
299615
299615
299616
299619
299623
299626
299626
299626
299627
299628
299628
299633
299633
299633
299633
299635
299636
299636
299646
299650
299654
299654
299654
299655
299661
299663
299666
299667
299670
299670
299670
299671
299671
299671
299671
299676
299680
299680
299680
299680
299681
299681
299684
299684
299685
299685
299685
299688
299688
299691
299692
299692
299695
299695
299695
299696
299696
299699
299701
299702
299704
299704
299704
299705
299707
299709
299709
299709
299711
299715
299715
299716
299716
299717
299717
299717
299721
299721
299722
299722
299728
299730
299730
299731
299731
299731
299731
299731
299733
299733
299733
299733
299735
299735
299735
299735
299736
299736
299738
299738
299738
299738
299738
299738
299738
299738
299738
299738
299740
299740
299741
299741
299743
299743
299743
299747
299748
299756
299756
299762
299762
299763
299765
299766
299766
299766
299766
299767
299767
299767
299768
299768
299771
299771
299776
299780
299780
299781
299781
299783
299785
299785
299785
299785
299787
299788
299795
299795
299795
299797
299797
299798
299803
299803
299804
299808
299809
299812
299812
299815
299816
299816
299817
299824
299826
299826
299828
299828
299832
299836
299836
299836
299836
299836
299837
299837
299840
299844
299846
299851
299856
299856
299856
299859
299864
299865
299867
299867
299868
299868
299869
299871
299871
299871
299871
299871
299871
299872
299872
299877
299877
299883
299883
299887
299888
299889
299889
299889
299889
299892
299896
299897
299899
299900
299903
299903
299905
299905
299905
299905
299909
299909
299909
299909
299911
299912
299914
299914
299914
299915
299915
299915
299916
299920
299924
299925
299927
299927
299927
299928
299928
299928
299929
299931
299932
299932
299935
299935
299935
299935
299936
299938
299943
299943
299943
299945
299947
299948
299948
299948
299948
299948
299949
299951
299952
299955
299955
299955
299956
299956
299956
299957
299957
299957
299958
299958
299958
299960
299960
299960
299960
299960
299963
299963
299963
299963
299964
299964
299964
299965
299965
299965
299966
299968
299971
299972
299975
299977
299977
299978
299979
299979
299980
299980
299980
299980
299983
299983
299986
299987
299987
299987
299987
299987
299987
299987
299987
299988
299993
299993
299996
299997
299997
299997
